0 0.0143 0.0143 0.0143
1 0.0404 0.0125 0.0325
2 0.0516 0.0154 0.0443
3 0.0616 0.0184 0.0530
4 0.0699 0.0215 0.0615
5 0.0814 0.0229 0.0687
6 0.0857 0.0273 0.0763
7 0.0928 0.0305 0.0805
8 0.1008 0.0330 0.0846
9 0.1064 0.0356 0.0939
10 0.1110 0.0396 0.0979
11 0.1184 0.0415 0.1020
12 0.1224 0.0453 0.1062
13 0.1263 0.0489 0.1105
14 0.1308 0.0518 0.1150
15 0.1357 0.0541 0.1200
16 0.1413 0.0555 0.1256
17 0.1453 0.0590 0.1256
18 0.1506 0.0603 0.1309
19 0.1533 0.0637 0.1344
20 0.1569 0.0664 0.1385
21 0.1624 0.0678 0.1425
22 0.1654 0.0708 0.1471
23 0.1703 0.0729 0.1504
24 0.1742 0.0755 0.1542
25 0.1796 0.0768 0.1595
26 0.1809 0.0783 0.1775
27 0.1798 0.0807 0.1967
28 0.1783 0.0829 0.2159
29 0.1782 0.0843 0.2341
30 0.1765 0.0866 0.2514
31 0.1770 0.0886 0.2646
32 0.1761 0.0911 0.2782
33 0.1754 0.0933 0.2922
34 0.1773 0.0951 0.3026
35 0.1758 0.0972 0.3174
36 0.1751 0.0999 0.3290
37 0.1744 0.1025 0.3405
38 0.1735 0.1047 0.3534
39 0.1748 0.1071 0.3627
40 0.1747 0.1094 0.3739
41 0.1726 0.1122 0.3858
42 0.1731 0.1153 0.3940
43 0.1731 0.1175 0.4051
44 0.1731 0.1197 0.4161
45 0.1720 0.1224 0.4268
46 0.1730 0.1261 0.4330
47 0.1716 0.1285 0.4445
48 0.1710 0.1314 0.4540
49 0.1706 0.1340 0.4642
50 0.1664 0.1381 0.4739
51 0.1582 0.1482 0.4717
52 0.1487 0.1583 0.4683
53 0.1422 0.1653 0.4699
54 0.1352 0.1729 0.4694
55 0.1281 0.1796 0.4708
56 0.1254 0.1854 0.4719
57 0.1207 0.1904 0.4762
58 0.1167 0.1962 0.4773
59 0.1166 0.2004 0.4814
60 0.1147 0.2057 0.4823
61 0.1137 0.2093 0.4888
62 0.1091 0.2149 0.4904
63 0.1089 0.2190 0.4944
64 0.1074 0.2234 0.4984
65 0.1108 0.2270 0.5022
66 0.1096 0.2315 0.5056
67 0.1058 0.2367 0.5077
68 0.1048 0.2402 0.5145
69 0.1047 0.2444 0.5182
70 0.1068 0.2482 0.5223
71 0.1086 0.2521 0.5264
72 0.1067 0.2568 0.5290
73 0.1061 0.2607 0.5346
74 0.1059 0.2648 0.5386
75 0.1056 0.2690 0.5427
76 0.0969 0.2769 0.5343
77 0.0879 0.2847 0.5251
78 0.0832 0.2907 0.5218
79 0.0793 0.2972 0.5153
80 0.0686 0.3044 0.5068
81 0.0639 0.3106 0.5006
82 0.0586 0.3166 0.4955
83 0.0536 0.3227 0.4888
84 0.0388 0.3292 0.4817
85 0.0409 0.3343 0.4786
86 0.0345 0.3401 0.4722
87 0.0300 0.3458 0.4665
88 0.0290 0.3506 0.4647
89 0.0226 0.3564 0.4578
90 0.0154 0.3619 0.4529
91 0.0146 0.3670 0.4487
92 0.0169 0.3718 0.4464
93 0.0117 0.3773 0.4400
94 0.0055 0.3828 0.4334
95 0.0052 0.3873 0.4327
96 0.0008 0.3927 0.4267
97 0.0000 0.3977 0.4220
98 0.0003 0.4024 0.4200
99 0.0013 0.4072 0.4166
100 0.0000 0.4132 0.4107
101 0.0000 0.4179 0.4071
102 0.0000 0.4242 0.3977
103 0.0000 0.4302 0.3919
104 0.0000 0.4345 0.3890
105 0.0000 0.4395 0.3849
106 0.0000 0.4456 0.3776
107 0.0000 0.4508 0.3728
108 0.0000 0.4563 0.3666
109 0.0000 0.4613 0.3597
110 0.0000 0.4670 0.3542
111 0.0000 0.4716 0.3504
112 0.0000 0.4763 0.3464
113 0.0000 0.4820 0.3375
114 0.0000 0.4870 0.3331
115 0.0000 0.4918 0.3256
116 0.0000 0.4969 0.3198
117 0.0000 0.5024 0.3126
118 0.0000 0.5060 0.3101
119 0.0000 0.5118 0.3012
120 0.0000 0.5166 0.2938
121 0.0000 0.5214 0.2871
122 0.0000 0.5268 0.2816
123 0.0000 0.5315 0.2726
124 0.0000 0.5356 0.2675
125 0.0000 0.5407 0.2597
126 0.0000 0.5461 0.2552
127 0.0000 0.5519 0.2506
128 0.0000 0.5565 0.2469
129 0.0000 0.5624 0.2396
130 0.0000 0.5678 0.2360
131 0.0000 0.5727 0.2338
132 0.0000 0.5778 0.2287
133 0.0000 0.5829 0.2250
134 0.0000 0.5883 0.2180
135 0.0000 0.5931 0.2146
136 0.0000 0.5991 0.2089
137 0.0000 0.6036 0.2056
138 0.0000 0.6084 0.1999
139 0.0000 0.6138 0.1961
140 0.0000 0.6189 0.1899
141 0.0000 0.6239 0.1848
142 0.0000 0.6290 0.1759
143 0.0000 0.6345 0.1707
144 0.0000 0.6381 0.1638
145 0.0000 0.6438 0.1592
146 0.0000 0.6489 0.1519
147 0.0000 0.6536 0.1410
148 0.0000 0.6590 0.1322
149 0.0000 0.6645 0.1222
150 0.0000 0.6656 0.0909
151 0.0000 0.6644 0.0322
152 0.0351 0.6660 0.0000
153 0.0797 0.6703 0.0000
154 0.1129 0.6739 0.0000
155 0.1392 0.6776 0.0000
156 0.1566 0.6814 0.0000
157 0.1765 0.6847 0.0000
158 0.1890 0.6890 0.0000
159 0.2030 0.6928 0.0000
160 0.2167 0.6966 0.0000
161 0.2299 0.7003 0.0000
162 0.2391 0.7044 0.0000
163 0.2517 0.7081 0.0000
164 0.2574 0.7124 0.0000
165 0.2679 0.7162 0.0000
166 0.2790 0.7200 0.0000
167 0.2878 0.7240 0.0000
168 0.2965 0.7280 0.0000
169 0.3052 0.7319 0.0000
170 0.3101 0.7362 0.0000
171 0.3187 0.7402 0.0000
172 0.3272 0.7441 0.0000
173 0.3345 0.7482 0.0000
174 0.3406 0.7523 0.0000
175 0.3604 0.7549 0.0000
176 0.3898 0.7563 0.0000
177 0.4169 0.7574 0.0000
178 0.4461 0.7580 0.0000
179 0.4681 0.7594 0.0000
180 0.4900 0.7612 0.0000
181 0.5089 0.7627 0.0000
182 0.5304 0.7637 0.0000
183 0.5500 0.7649 0.0000
184 0.5698 0.7660 0.0000
185 0.5825 0.7688 0.0000
186 0.5999 0.7701 0.0000
187 0.6173 0.7713 0.0000
188 0.6314 0.7730 0.0000
189 0.6487 0.7741 0.0000
190 0.6632 0.7763 0.0000
191 0.6757 0.7782 0.0000
192 0.6912 0.7795 0.0000
193 0.7061 0.7808 0.0000
194 0.7222 0.7818 0.0000
195 0.7305 0.7852 0.0000
196 0.7442 0.7866 0.0000
197 0.7580 0.7880 0.0000
198 0.7709 0.7896 0.0000
199 0.7833 0.7915 0.0000
200 0.7872 0.7891 0.0951
201 0.7972 0.7903 0.1988
202 0.8072 0.7917 0.2560
203 0.8116 0.7949 0.3001
204 0.8211 0.7964 0.3397
205 0.8308 0.7980 0.3710
206 0.8350 0.8011 0.4028
207 0.8450 0.8026 0.4292
208 0.8548 0.8041 0.4555
209 0.8602 0.8073 0.4735
210 0.8658 0.8100 0.4993
211 0.8758 0.8116 0.5184
212 0.8856 0.8130 0.5402
213 0.8895 0.8164 0.5602
214 0.8994 0.8180 0.5775
215 0.9077 0.8202 0.5918
216 0.9106 0.8241 0.6094
217 0.9205 0.8257 0.6253
218 0.9284 0.8278 0.6420
219 0.9343 0.8307 0.6576
220 0.9415 0.8329 0.6762
221 0.9512 0.8348 0.6868
222 0.9549 0.8384 0.7026
223 0.9622 0.8408 0.7170
224 0.9712 0.8429 0.7287
225 0.9708 0.8482 0.7409
226 0.9713 0.8530 0.7555
227 0.9691 0.8591 0.7655
228 0.9699 0.8642 0.7746
229 0.9703 0.8691 0.7871
230 0.9710 0.8740 0.7999
231 0.9695 0.8800 0.8067
232 0.9696 0.8851 0.8188
233 0.9686 0.8908 0.8278
234 0.9681 0.8962 0.8378
235 0.9688 0.9013 0.8467
236 0.9696 0.9064 0.8557
237 0.9703 0.9115 0.8647
238 0.9708 0.9163 0.8773
239 0.9691 0.9224 0.8838
240 0.9692 0.9273 0.8961
241 0.9699 0.9323 0.9051
242 0.9693 0.9381 0.9108
243 0.9714 0.9425 0.9230
244 0.9712 0.9478 0.9311
245 0.9700 0.9537 0.9381
246 0.9707 0.9587 0.9470
247 0.9713 0.9638 0.9560
248 0.9726 0.9687 0.9648
249 0.9738 0.9738 0.9711
250 0.9780 0.9780 0.9780
251 0.9824 0.9824 0.9824
252 0.9868 0.9868 0.9868
253 0.9912 0.9912 0.9912
254 0.9956 0.9956 0.9956
255 1.0000 1.0000 1.0000
