# gbpCode colour map
#    type      = iso
#    hue       = 060 degrees
#    radius    = 000 degrees
#    chroma    = 050
#    luminance = 067 to 067
  0 0.8634 0.5694 0.3359
  1 0.8592 0.5718 0.3321
  2 0.8549 0.5742 0.3283
  3 0.8505 0.5766 0.3246
  4 0.8461 0.5790 0.3211
  5 0.8416 0.5814 0.3176
  6 0.8371 0.5838 0.3142
  7 0.8324 0.5862 0.3110
  8 0.8278 0.5886 0.3078
  9 0.8230 0.5910 0.3047
 10 0.8182 0.5934 0.3018
 11 0.8133 0.5958 0.2990
 12 0.8084 0.5982 0.2962
 13 0.8034 0.6006 0.2936
 14 0.7983 0.6029 0.2912
 15 0.7932 0.6053 0.2888
 16 0.7880 0.6076 0.2866
 17 0.7828 0.6099 0.2845
 18 0.7775 0.6123 0.2825
 19 0.7722 0.6146 0.2806
 20 0.7668 0.6169 0.2789
 21 0.7613 0.6191 0.2773
 22 0.7558 0.6214 0.2759
 23 0.7503 0.6236 0.2746
 24 0.7447 0.6259 0.2734
 25 0.7390 0.6281 0.2724
 26 0.7333 0.6303 0.2715
 27 0.7276 0.6324 0.2708
 28 0.7218 0.6346 0.2702
 29 0.7159 0.6367 0.2698
 30 0.7101 0.6389 0.2695
 31 0.7041 0.6410 0.2694
 32 0.6981 0.6430 0.2694
 33 0.6921 0.6451 0.2696
 34 0.6860 0.6471 0.2700
 35 0.6799 0.6491 0.2704
 36 0.6738 0.6511 0.2711
 37 0.6676 0.6531 0.2719
 38 0.6613 0.6551 0.2728
 39 0.6551 0.6570 0.2739
 40 0.6487 0.6589 0.2751
 41 0.6424 0.6608 0.2765
 42 0.6360 0.6626 0.2780
 43 0.6295 0.6645 0.2797
 44 0.6230 0.6663 0.2815
 45 0.6165 0.6681 0.2835
 46 0.6099 0.6698 0.2856
 47 0.6033 0.6716 0.2879
 48 0.5966 0.6733 0.2903
 49 0.5899 0.6750 0.2928
 50 0.5832 0.6766 0.2954
 51 0.5764 0.6783 0.2982
 52 0.5696 0.6799 0.3011
 53 0.5627 0.6815 0.3042
 54 0.5558 0.6830 0.3073
 55 0.5488 0.6846 0.3106
 56 0.5418 0.6861 0.3140
 57 0.5348 0.6876 0.3175
 58 0.5277 0.6890 0.3212
 59 0.5205 0.6905 0.3249
 60 0.5133 0.6919 0.3287
 61 0.5060 0.6933 0.3327
 62 0.4987 0.6946 0.3368
 63 0.4914 0.6960 0.3409
 64 0.4839 0.6973 0.3452
 65 0.4765 0.6986 0.3495
 66 0.4689 0.6998 0.3540
 67 0.4613 0.7011 0.3585
 68 0.4536 0.7023 0.3632
 69 0.4458 0.7035 0.3679
 70 0.4380 0.7046 0.3727
 71 0.4301 0.7058 0.3776
 72 0.4221 0.7069 0.3826
 73 0.4140 0.7080 0.3876
 74 0.4059 0.7090 0.3928
 75 0.3976 0.7101 0.3980
 76 0.3892 0.7111 0.4032
 77 0.3807 0.7121 0.4086
 78 0.3721 0.7130 0.4140
 79 0.3634 0.7140 0.4195
 80 0.3545 0.7149 0.4250
 81 0.3455 0.7158 0.4306
 82 0.3363 0.7167 0.4363
 83 0.3269 0.7175 0.4420
 84 0.3174 0.7183 0.4478
 85 0.3076 0.7191 0.4536
 86 0.2977 0.7199 0.4595
 87 0.2874 0.7206 0.4655
 88 0.2769 0.7214 0.4714
 89 0.2661 0.7221 0.4775
 90 0.2549 0.7227 0.4836
 91 0.2433 0.7234 0.4897
 92 0.2312 0.7240 0.4958
 93 0.2186 0.7246 0.5020
 94 0.2054 0.7252 0.5083
 95 0.1914 0.7258 0.5146
 96 0.1764 0.7263 0.5209
 97 0.1603 0.7268 0.5272
 98 0.1426 0.7273 0.5336
 99 0.1228 0.7278 0.5400
100 0.0997 0.7282 0.5464
101 0.0711 0.7287 0.5529
102 0.0297 0.7291 0.5594
103 0.0000 0.7294 0.5659
104 0.0000 0.7298 0.5724
105 0.0000 0.7301 0.5789
106 0.0000 0.7304 0.5855
107 0.0000 0.7307 0.5920
108 0.0000 0.7310 0.5986
109 0.0000 0.7312 0.6052
110 0.0000 0.7314 0.6118
111 0.0000 0.7316 0.6184
112 0.0000 0.7318 0.6250
113 0.0000 0.7320 0.6316
114 0.0000 0.7321 0.6381
115 0.0000 0.7322 0.6447
116 0.0000 0.7323 0.6513
117 0.0000 0.7323 0.6579
118 0.0000 0.7324 0.6645
119 0.0000 0.7324 0.6711
120 0.0000 0.7324 0.6776
121 0.0000 0.7323 0.6841
122 0.0000 0.7323 0.6907
123 0.0000 0.7322 0.6972
124 0.0000 0.7321 0.7037
125 0.0000 0.7320 0.7101
126 0.0000 0.7318 0.7165
127 0.0000 0.7316 0.7230
128 0.0000 0.7314 0.7293
129 0.0000 0.7312 0.7357
130 0.0000 0.7310 0.7420
131 0.0000 0.7307 0.7483
132 0.0000 0.7304 0.7545
133 0.0000 0.7301 0.7607
134 0.0000 0.7298 0.7669
135 0.0000 0.7294 0.7730
136 0.0000 0.7290 0.7791
137 0.0000 0.7286 0.7851
138 0.0000 0.7282 0.7911
139 0.0000 0.7277 0.7970
140 0.0000 0.7272 0.8029
141 0.0000 0.7267 0.8087
142 0.0000 0.7262 0.8144
143 0.0000 0.7256 0.8201
144 0.0000 0.7250 0.8258
145 0.0000 0.7244 0.8313
146 0.0000 0.7238 0.8369
147 0.0000 0.7231 0.8423
148 0.0000 0.7224 0.8477
149 0.0000 0.7217 0.8530
150 0.0000 0.7210 0.8582
151 0.0000 0.7202 0.8634
152 0.0000 0.7194 0.8684
153 0.0000 0.7186 0.8735
154 0.0000 0.7178 0.8784
155 0.0000 0.7169 0.8832
156 0.0000 0.7160 0.8880
157 0.0000 0.7151 0.8927
158 0.0000 0.7141 0.8973
159 0.0000 0.7132 0.9018
160 0.0000 0.7122 0.9062
161 0.0000 0.7111 0.9105
162 0.0000 0.7101 0.9147
163 0.0000 0.7090 0.9189
164 0.0000 0.7079 0.9229
165 0.0000 0.7067 0.9268
166 0.0000 0.7055 0.9307
167 0.0000 0.7043 0.9344
168 0.0000 0.7031 0.9381
169 0.0000 0.7019 0.9416
170 0.0000 0.7006 0.9451
171 0.0000 0.6993 0.9484
172 0.0000 0.6979 0.9516
173 0.0000 0.6966 0.9548
174 0.0000 0.6952 0.9578
175 0.0000 0.6937 0.9607
176 0.0000 0.6923 0.9635
177 0.0456 0.6908 0.9662
178 0.0920 0.6893 0.9687
179 0.1246 0.6878 0.9712
180 0.1512 0.6862 0.9735
181 0.1743 0.6846 0.9758
182 0.1951 0.6830 0.9779
183 0.2143 0.6813 0.9799
184 0.2321 0.6796 0.9817
185 0.2490 0.6779 0.9835
186 0.2650 0.6762 0.9851
187 0.2803 0.6745 0.9867
188 0.2950 0.6727 0.9881
189 0.3093 0.6708 0.9894
190 0.3231 0.6690 0.9905
191 0.3365 0.6671 0.9916
192 0.3495 0.6652 0.9925
193 0.3623 0.6633 0.9933
194 0.3748 0.6614 0.9940
195 0.3870 0.6594 0.9945
196 0.3989 0.6574 0.9950
197 0.4107 0.6554 0.9953
198 0.4222 0.6533 0.9955
199 0.4335 0.6513 0.9955
200 0.4447 0.6492 0.9955
201 0.4557 0.6470 0.9953
202 0.4665 0.6449 0.9950
203 0.4772 0.6427 0.9946
204 0.4877 0.6405 0.9940
205 0.4981 0.6383 0.9934
206 0.5083 0.6361 0.9926
207 0.5184 0.6339 0.9917
208 0.5284 0.6316 0.9906
209 0.5382 0.6293 0.9895
210 0.5479 0.6270 0.9882
211 0.5575 0.6247 0.9868
212 0.5670 0.6223 0.9853
213 0.5763 0.6200 0.9837
214 0.5856 0.6176 0.9820
215 0.5947 0.6152 0.9801
216 0.6037 0.6128 0.9781
217 0.6126 0.6104 0.9761
218 0.6214 0.6079 0.9739
219 0.6301 0.6055 0.9715
220 0.6387 0.6030 0.9691
221 0.6472 0.6006 0.9666
222 0.6555 0.5981 0.9639
223 0.6638 0.5956 0.9612
224 0.6719 0.5931 0.9583
225 0.6800 0.5906 0.9553
226 0.6879 0.5881 0.9522
227 0.6957 0.5857 0.9491
228 0.7035 0.5832 0.9458
229 0.7111 0.5806 0.9424
230 0.7186 0.5781 0.9389
231 0.7260 0.5757 0.9353
232 0.7333 0.5732 0.9316
233 0.7405 0.5707 0.9278
234 0.7475 0.5682 0.9239
235 0.7545 0.5657 0.9200
236 0.7614 0.5632 0.9159
237 0.7681 0.5608 0.9117
238 0.7748 0.5583 0.9075
239 0.7813 0.5559 0.9031
240 0.7877 0.5535 0.8987
241 0.7941 0.5511 0.8942
242 0.8003 0.5487 0.8896
243 0.8064 0.5463 0.8850
244 0.8123 0.5440 0.8802
245 0.8182 0.5417 0.8754
246 0.8240 0.5394 0.8705
247 0.8296 0.5371 0.8655
248 0.8352 0.5348 0.8604
249 0.8406 0.5326 0.8553
250 0.8459 0.5304 0.8501
251 0.8511 0.5283 0.8449
252 0.8562 0.5262 0.8395
253 0.8611 0.5241 0.8341
254 0.8660 0.5221 0.8287
255 0.8707 0.5201 0.8232
