# gbpCode colour map
#    type      = iso
#    hue       = 030 degrees
#    radius    = 000 degrees
#    chroma    = 050
#    luminance = 071 to 071
  0 0.9983 0.5523 0.5167
  1 0.9977 0.5528 0.5148
  2 0.9971 0.5534 0.5128
  3 0.9965 0.5539 0.5109
  4 0.9959 0.5545 0.5090
  5 0.9952 0.5550 0.5071
  6 0.9946 0.5556 0.5052
  7 0.9939 0.5562 0.5032
  8 0.9933 0.5568 0.5013
  9 0.9926 0.5574 0.4995
 10 0.9919 0.5580 0.4976
 11 0.9912 0.5586 0.4957
 12 0.9905 0.5592 0.4938
 13 0.9897 0.5598 0.4919
 14 0.9890 0.5604 0.4901
 15 0.9883 0.5610 0.4882
 16 0.9875 0.5616 0.4864
 17 0.9867 0.5622 0.4845
 18 0.9860 0.5629 0.4827
 19 0.9852 0.5635 0.4808
 20 0.9844 0.5641 0.4790
 21 0.9836 0.5648 0.4772
 22 0.9828 0.5654 0.4754
 23 0.9819 0.5661 0.4735
 24 0.9811 0.5667 0.4717
 25 0.9802 0.5674 0.4699
 26 0.9794 0.5681 0.4682
 27 0.9785 0.5687 0.4664
 28 0.9776 0.5694 0.4646
 29 0.9767 0.5701 0.4628
 30 0.9758 0.5707 0.4611
 31 0.9749 0.5714 0.4593
 32 0.9740 0.5721 0.4575
 33 0.9731 0.5728 0.4558
 34 0.9721 0.5735 0.4541
 35 0.9712 0.5742 0.4523
 36 0.9702 0.5749 0.4506
 37 0.9692 0.5756 0.4489
 38 0.9682 0.5763 0.4472
 39 0.9672 0.5770 0.4455
 40 0.9662 0.5777 0.4438
 41 0.9652 0.5784 0.4421
 42 0.9642 0.5792 0.4404
 43 0.9632 0.5799 0.4388
 44 0.9621 0.5806 0.4371
 45 0.9611 0.5813 0.4354
 46 0.9600 0.5821 0.4338
 47 0.9589 0.5828 0.4321
 48 0.9579 0.5835 0.4305
 49 0.9568 0.5843 0.4289
 50 0.9557 0.5850 0.4273
 51 0.9546 0.5858 0.4257
 52 0.9534 0.5865 0.4241
 53 0.9523 0.5872 0.4225
 54 0.9512 0.5880 0.4209
 55 0.9500 0.5888 0.4193
 56 0.9489 0.5895 0.4177
 57 0.9477 0.5903 0.4162
 58 0.9465 0.5910 0.4146
 59 0.9453 0.5918 0.4131
 60 0.9442 0.5925 0.4116
 61 0.9429 0.5933 0.4100
 62 0.9417 0.5941 0.4085
 63 0.9405 0.5948 0.4070
 64 0.9393 0.5956 0.4055
 65 0.9380 0.5964 0.4040
 66 0.9368 0.5972 0.4025
 67 0.9355 0.5979 0.4011
 68 0.9343 0.5987 0.3996
 69 0.9330 0.5995 0.3981
 70 0.9317 0.6003 0.3967
 71 0.9304 0.6011 0.3953
 72 0.9291 0.6018 0.3938
 73 0.9278 0.6026 0.3924
 74 0.9265 0.6034 0.3910
 75 0.9252 0.6042 0.3896
 76 0.9238 0.6050 0.3882
 77 0.9225 0.6058 0.3868
 78 0.9211 0.6066 0.3855
 79 0.9198 0.6074 0.3841
 80 0.9184 0.6082 0.3828
 81 0.9170 0.6089 0.3814
 82 0.9156 0.6097 0.3801
 83 0.9143 0.6105 0.3788
 84 0.9129 0.6113 0.3775
 85 0.9114 0.6121 0.3762
 86 0.9100 0.6129 0.3749
 87 0.9086 0.6137 0.3736
 88 0.9072 0.6145 0.3723
 89 0.9057 0.6153 0.3711
 90 0.9043 0.6161 0.3698
 91 0.9028 0.6169 0.3686
 92 0.9013 0.6177 0.3674
 93 0.8999 0.6185 0.3662
 94 0.8984 0.6193 0.3650
 95 0.8969 0.6201 0.3638
 96 0.8954 0.6209 0.3626
 97 0.8939 0.6217 0.3614
 98 0.8924 0.6225 0.3603
 99 0.8909 0.6233 0.3591
100 0.8893 0.6241 0.3580
101 0.8878 0.6249 0.3568
102 0.8863 0.6257 0.3557
103 0.8847 0.6265 0.3546
104 0.8831 0.6273 0.3535
105 0.8816 0.6281 0.3525
106 0.8800 0.6289 0.3514
107 0.8784 0.6297 0.3504
108 0.8768 0.6305 0.3493
109 0.8752 0.6313 0.3483
110 0.8736 0.6321 0.3473
111 0.8720 0.6329 0.3463
112 0.8704 0.6337 0.3453
113 0.8688 0.6345 0.3443
114 0.8672 0.6353 0.3433
115 0.8655 0.6361 0.3424
116 0.8639 0.6369 0.3414
117 0.8622 0.6377 0.3405
118 0.8606 0.6385 0.3396
119 0.8589 0.6393 0.3387
120 0.8572 0.6401 0.3378
121 0.8555 0.6409 0.3369
122 0.8539 0.6417 0.3360
123 0.8522 0.6425 0.3352
124 0.8505 0.6433 0.3344
125 0.8488 0.6441 0.3335
126 0.8470 0.6449 0.3327
127 0.8453 0.6457 0.3319
128 0.8436 0.6465 0.3311
129 0.8419 0.6472 0.3304
130 0.8401 0.6480 0.3296
131 0.8384 0.6488 0.3289
132 0.8366 0.6496 0.3281
133 0.8349 0.6504 0.3274
134 0.8331 0.6512 0.3267
135 0.8313 0.6519 0.3260
136 0.8296 0.6527 0.3254
137 0.8278 0.6535 0.3247
138 0.8260 0.6543 0.3241
139 0.8242 0.6551 0.3234
140 0.8224 0.6558 0.3228
141 0.8206 0.6566 0.3222
142 0.8188 0.6574 0.3216
143 0.8169 0.6581 0.3211
144 0.8151 0.6589 0.3205
145 0.8133 0.6597 0.3200
146 0.8114 0.6604 0.3195
147 0.8096 0.6612 0.3189
148 0.8077 0.6620 0.3185
149 0.8059 0.6627 0.3180
150 0.8040 0.6635 0.3175
151 0.8022 0.6642 0.3171
152 0.8003 0.6650 0.3166
153 0.7984 0.6658 0.3162
154 0.7965 0.6665 0.3158
155 0.7946 0.6673 0.3154
156 0.7927 0.6680 0.3150
157 0.7908 0.6688 0.3147
158 0.7889 0.6695 0.3144
159 0.7870 0.6703 0.3140
160 0.7851 0.6710 0.3137
161 0.7832 0.6717 0.3134
162 0.7812 0.6725 0.3132
163 0.7793 0.6732 0.3129
164 0.7774 0.6739 0.3126
165 0.7754 0.6747 0.3124
166 0.7735 0.6754 0.3122
167 0.7715 0.6761 0.3120
168 0.7695 0.6769 0.3118
169 0.7676 0.6776 0.3117
170 0.7656 0.6783 0.3115
171 0.7636 0.6790 0.3114
172 0.7616 0.6798 0.3113
173 0.7596 0.6805 0.3112
174 0.7577 0.6812 0.3111
175 0.7557 0.6819 0.3110
176 0.7537 0.6826 0.3110
177 0.7516 0.6833 0.3109
178 0.7496 0.6840 0.3109
179 0.7476 0.6847 0.3109
180 0.7456 0.6854 0.3109
181 0.7436 0.6861 0.3110
182 0.7415 0.6868 0.3110
183 0.7395 0.6875 0.3111
184 0.7374 0.6882 0.3112
185 0.7354 0.6889 0.3113
186 0.7333 0.6896 0.3114
187 0.7313 0.6903 0.3115
188 0.7292 0.6910 0.3116
189 0.7271 0.6917 0.3118
190 0.7251 0.6923 0.3120
191 0.7230 0.6930 0.3122
192 0.7209 0.6937 0.3124
193 0.7188 0.6944 0.3126
194 0.7167 0.6950 0.3129
195 0.7146 0.6957 0.3131
196 0.7125 0.6964 0.3134
197 0.7104 0.6970 0.3137
198 0.7083 0.6977 0.3140
199 0.7062 0.6983 0.3143
200 0.7041 0.6990 0.3147
201 0.7019 0.6996 0.3151
202 0.6998 0.7003 0.3154
203 0.6977 0.7009 0.3158
204 0.6955 0.7016 0.3162
205 0.6934 0.7022 0.3167
206 0.6912 0.7029 0.3171
207 0.6891 0.7035 0.3176
208 0.6869 0.7041 0.3180
209 0.6848 0.7048 0.3185
210 0.6826 0.7054 0.3190
211 0.6804 0.7060 0.3196
212 0.6783 0.7067 0.3201
213 0.6761 0.7073 0.3206
214 0.6739 0.7079 0.3212
215 0.6717 0.7085 0.3218
216 0.6695 0.7091 0.3224
217 0.6673 0.7097 0.3230
218 0.6651 0.7104 0.3237
219 0.6629 0.7110 0.3243
220 0.6607 0.7116 0.3250
221 0.6585 0.7122 0.3256
222 0.6563 0.7128 0.3263
223 0.6540 0.7134 0.3270
224 0.6518 0.7140 0.3278
225 0.6496 0.7145 0.3285
226 0.6473 0.7151 0.3293
227 0.6451 0.7157 0.3300
228 0.6428 0.7163 0.3308
229 0.6406 0.7169 0.3316
230 0.6383 0.7175 0.3324
231 0.6361 0.7180 0.3333
232 0.6338 0.7186 0.3341
233 0.6315 0.7192 0.3350
234 0.6293 0.7197 0.3359
235 0.6270 0.7203 0.3367
236 0.6247 0.7209 0.3376
237 0.6224 0.7214 0.3386
238 0.6201 0.7220 0.3395
239 0.6178 0.7225 0.3404
240 0.6155 0.7231 0.3414
241 0.6132 0.7236 0.3424
242 0.6109 0.7242 0.3434
243 0.6086 0.7247 0.3444
244 0.6063 0.7253 0.3454
245 0.6040 0.7258 0.3464
246 0.6016 0.7263 0.3475
247 0.5993 0.7269 0.3485
248 0.5970 0.7274 0.3496
249 0.5946 0.7279 0.3507
250 0.5923 0.7284 0.3518
251 0.5899 0.7290 0.3529
252 0.5876 0.7295 0.3540
253 0.5852 0.7300 0.3551
254 0.5828 0.7305 0.3563
255 0.5805 0.7310 0.3575
