# gbpCode colour map
#    type      = linear
#    hue       = 300 degrees
#    radius    = 001 degrees
#    chroma    = 050
#    luminance = 000 to 085
  0 0.0178 0.0000 0.2530
  1 0.0439 0.0000 0.2509
  2 0.0653 0.0000 0.2485
  3 0.0825 0.0000 0.2458
  4 0.0973 0.0000 0.2428
  5 0.1111 0.0000 0.2395
  6 0.1241 0.0000 0.2360
  7 0.1365 0.0000 0.2322
  8 0.1482 0.0000 0.2281
  9 0.1595 0.0000 0.2239
 10 0.1703 0.0000 0.2194
 11 0.1807 0.0000 0.2147
 12 0.1907 0.0000 0.2098
 13 0.2004 0.0000 0.2047
 14 0.2097 0.0000 0.1994
 15 0.2186 0.0000 0.1940
 16 0.2273 0.0000 0.1885
 17 0.2356 0.0000 0.1828
 18 0.2436 0.0000 0.1770
 19 0.2513 0.0000 0.1711
 20 0.2587 0.0000 0.1651
 21 0.2658 0.0000 0.1590
 22 0.2726 0.0000 0.1528
 23 0.2791 0.0000 0.1467
 24 0.2853 0.0000 0.1404
 25 0.2911 0.0000 0.1342
 26 0.2967 0.0000 0.1279
 27 0.3019 0.0000 0.1215
 28 0.3068 0.0000 0.1152
 29 0.3114 0.0000 0.1089
 30 0.3157 0.0000 0.1025
 31 0.3197 0.0000 0.0961
 32 0.3234 0.0000 0.0893
 33 0.3269 0.0000 0.0821
 34 0.3301 0.0000 0.0743
 35 0.3330 0.0000 0.0658
 36 0.3356 0.0000 0.0565
 37 0.3380 0.0000 0.0460
 38 0.3401 0.0000 0.0341
 39 0.3419 0.0000 0.0220
 40 0.3435 0.0000 0.0101
 41 0.3448 0.0000 0.0000
 42 0.3458 0.0000 0.0000
 43 0.3466 0.0000 0.0000
 44 0.3471 0.0000 0.0000
 45 0.3474 0.0000 0.0000
 46 0.3474 0.0000 0.0000
 47 0.3471 0.0000 0.0000
 48 0.3466 0.0000 0.0000
 49 0.3458 0.0090 0.0000
 50 0.3448 0.0245 0.0000
 51 0.3435 0.0408 0.0000
 52 0.3420 0.0559 0.0000
 53 0.3403 0.0690 0.0000
 54 0.3383 0.0809 0.0000
 55 0.3361 0.0919 0.0000
 56 0.3336 0.1022 0.0000
 57 0.3309 0.1119 0.0000
 58 0.3279 0.1212 0.0000
 59 0.3248 0.1301 0.0000
 60 0.3213 0.1387 0.0000
 61 0.3177 0.1470 0.0000
 62 0.3138 0.1551 0.0000
 63 0.3097 0.1629 0.0000
 64 0.3054 0.1705 0.0000
 65 0.3008 0.1780 0.0000
 66 0.2960 0.1852 0.0000
 67 0.2910 0.1924 0.0000
 68 0.2857 0.1993 0.0000
 69 0.2802 0.2061 0.0000
 70 0.2745 0.2128 0.0000
 71 0.2685 0.2193 0.0000
 72 0.2622 0.2258 0.0000
 73 0.2557 0.2321 0.0000
 74 0.2489 0.2383 0.0000
 75 0.2418 0.2444 0.0000
 76 0.2344 0.2504 0.0000
 77 0.2267 0.2563 0.0000
 78 0.2187 0.2621 0.0000
 79 0.2103 0.2678 0.0000
 80 0.2015 0.2735 0.0000
 81 0.1922 0.2790 0.0000
 82 0.1825 0.2845 0.0000
 83 0.1722 0.2899 0.0000
 84 0.1613 0.2952 0.0000
 85 0.1496 0.3004 0.0000
 86 0.1370 0.3056 0.0000
 87 0.1232 0.3107 0.0000
 88 0.1080 0.3157 0.0000
 89 0.0908 0.3206 0.0000
 90 0.0704 0.3255 0.0000
 91 0.0440 0.3304 0.0000
 92 0.0104 0.3351 0.0130
 93 0.0000 0.3398 0.0319
 94 0.0000 0.3445 0.0521
 95 0.0000 0.3491 0.0701
 96 0.0000 0.3536 0.0868
 97 0.0000 0.3581 0.1026
 98 0.0000 0.3625 0.1179
 99 0.0000 0.3669 0.1329
100 0.0000 0.3712 0.1478
101 0.0000 0.3755 0.1625
102 0.0000 0.3797 0.1771
103 0.0000 0.3839 0.1917
104 0.0000 0.3881 0.2064
105 0.0000 0.3921 0.2210
106 0.0000 0.3962 0.2357
107 0.0000 0.4002 0.2505
108 0.0000 0.4041 0.2653
109 0.0000 0.4080 0.2802
110 0.0000 0.4118 0.2951
111 0.0000 0.4156 0.3101
112 0.0000 0.4193 0.3251
113 0.0000 0.4230 0.3401
114 0.0000 0.4266 0.3552
115 0.0000 0.4302 0.3702
116 0.0000 0.4337 0.3853
117 0.0000 0.4371 0.4004
118 0.0000 0.4405 0.4154
119 0.0000 0.4438 0.4305
120 0.0000 0.4471 0.4454
121 0.0000 0.4503 0.4603
122 0.0000 0.4534 0.4752
123 0.0000 0.4565 0.4899
124 0.0000 0.4594 0.5045
125 0.0000 0.4623 0.5190
126 0.0000 0.4651 0.5334
127 0.0000 0.4679 0.5476
128 0.0000 0.4705 0.5616
129 0.0000 0.4731 0.5754
130 0.0000 0.4756 0.5891
131 0.0000 0.4779 0.6025
132 0.0000 0.4802 0.6157
133 0.0000 0.4824 0.6286
134 0.0000 0.4845 0.6413
135 0.0000 0.4865 0.6537
136 0.0000 0.4884 0.6658
137 0.0000 0.4901 0.6776
138 0.0000 0.4918 0.6890
139 0.0000 0.4934 0.7002
140 0.0000 0.4948 0.7110
141 0.0000 0.4961 0.7214
142 0.0000 0.4973 0.7315
143 0.0000 0.4984 0.7412
144 0.0000 0.4993 0.7505
145 0.0000 0.5002 0.7594
146 0.0000 0.5009 0.7678
147 0.0000 0.5015 0.7759
148 0.0000 0.5019 0.7836
149 0.0000 0.5022 0.7908
150 0.0000 0.5024 0.7975
151 0.0000 0.5025 0.8039
152 0.0234 0.5025 0.8097
153 0.1171 0.5023 0.8152
154 0.1705 0.5020 0.8201
155 0.2124 0.5016 0.8246
156 0.2485 0.5011 0.8286
157 0.2809 0.5004 0.8322
158 0.3107 0.4996 0.8353
159 0.3386 0.4988 0.8379
160 0.3651 0.4978 0.8401
161 0.3904 0.4967 0.8418
162 0.4147 0.4956 0.8431
163 0.4381 0.4943 0.8438
164 0.4607 0.4930 0.8442
165 0.4827 0.4916 0.8440
166 0.5041 0.4901 0.8435
167 0.5249 0.4885 0.8425
168 0.5452 0.4870 0.8410
169 0.5649 0.4853 0.8391
170 0.5842 0.4837 0.8368
171 0.6030 0.4820 0.8341
172 0.6214 0.4803 0.8310
173 0.6393 0.4787 0.8275
174 0.6568 0.4770 0.8236
175 0.6739 0.4754 0.8193
176 0.6905 0.4738 0.8147
177 0.7067 0.4723 0.8097
178 0.7225 0.4708 0.8044
179 0.7379 0.4695 0.7988
180 0.7528 0.4682 0.7928
181 0.7673 0.4671 0.7866
182 0.7814 0.4661 0.7800
183 0.7950 0.4652 0.7732
184 0.8083 0.4645 0.7661
185 0.8210 0.4640 0.7588
186 0.8334 0.4637 0.7512
187 0.8453 0.4636 0.7434
188 0.8568 0.4637 0.7355
189 0.8678 0.4641 0.7273
190 0.8784 0.4647 0.7189
191 0.8886 0.4655 0.7104
192 0.8983 0.4667 0.7018
193 0.9075 0.4681 0.6930
194 0.9163 0.4698 0.6841
195 0.9247 0.4718 0.6752
196 0.9326 0.4740 0.6661
197 0.9401 0.4766 0.6570
198 0.9471 0.4795 0.6478
199 0.9537 0.4827 0.6385
200 0.9598 0.4862 0.6293
201 0.9654 0.4900 0.6200
202 0.9707 0.4941 0.6108
203 0.9755 0.4985 0.6016
204 0.9798 0.5032 0.5924
205 0.9837 0.5081 0.5832
206 0.9872 0.5133 0.5741
207 0.9902 0.5188 0.5651
208 0.9928 0.5245 0.5562
209 0.9950 0.5305 0.5474
210 0.9967 0.5367 0.5387
211 0.9981 0.5431 0.5301
212 0.9990 0.5498 0.5217
213 0.9995 0.5566 0.5134
214 0.9996 0.5636 0.5054
215 0.9994 0.5708 0.4975
216 0.9987 0.5781 0.4898
217 0.9976 0.5856 0.4823
218 0.9962 0.5932 0.4751
219 0.9943 0.6010 0.4681
220 0.9922 0.6088 0.4613
221 0.9896 0.6168 0.4549
222 0.9867 0.6248 0.4487
223 0.9834 0.6329 0.4429
224 0.9798 0.6411 0.4373
225 0.9759 0.6494 0.4321
226 0.9716 0.6577 0.4273
227 0.9670 0.6660 0.4229
228 0.9621 0.6743 0.4188
229 0.9569 0.6827 0.4152
230 0.9514 0.6911 0.4120
231 0.9456 0.6995 0.4092
232 0.9395 0.7079 0.4069
233 0.9331 0.7163 0.4051
234 0.9264 0.7247 0.4038
235 0.9195 0.7330 0.4030
236 0.9123 0.7413 0.4027
237 0.9049 0.7496 0.4030
238 0.8972 0.7578 0.4038
239 0.8893 0.7660 0.4052
240 0.8812 0.7742 0.4071
241 0.8728 0.7823 0.4096
242 0.8643 0.7903 0.4127
243 0.8555 0.7983 0.4164
244 0.8465 0.8062 0.4206
245 0.8373 0.8141 0.4254
246 0.8279 0.8219 0.4308
247 0.8183 0.8296 0.4368
248 0.8085 0.8372 0.4434
249 0.7986 0.8448 0.4505
250 0.7885 0.8523 0.4581
251 0.7782 0.8597 0.4663
252 0.7678 0.8670 0.4750
253 0.7572 0.8742 0.4843
254 0.7465 0.8814 0.4940
255 0.7356 0.8884 0.5042
