# gbpCode colour map
#    type      = linear
#    hue       = 150 degrees
#    radius    = 001 degrees
#    chroma    = 050
#    luminance = 000 to 074
  0 0.0000 0.1002 0.0000
  1 0.0000 0.1038 0.0000
  2 0.0000 0.1072 0.0000
  3 0.0000 0.1104 0.0000
  4 0.0000 0.1135 0.0000
  5 0.0000 0.1163 0.0000
  6 0.0000 0.1191 0.0000
  7 0.0000 0.1217 0.0000
  8 0.0000 0.1242 0.0000
  9 0.0000 0.1265 0.0000
 10 0.0000 0.1287 0.0000
 11 0.0000 0.1308 0.0000
 12 0.0000 0.1328 0.0001
 13 0.0000 0.1347 0.0220
 14 0.0000 0.1364 0.0438
 15 0.0000 0.1381 0.0619
 16 0.0000 0.1397 0.0768
 17 0.0000 0.1411 0.0897
 18 0.0000 0.1425 0.1017
 19 0.0000 0.1439 0.1136
 20 0.0000 0.1451 0.1256
 21 0.0000 0.1463 0.1376
 22 0.0000 0.1475 0.1495
 23 0.0000 0.1486 0.1614
 24 0.0000 0.1496 0.1733
 25 0.0000 0.1506 0.1851
 26 0.0000 0.1515 0.1968
 27 0.0000 0.1524 0.2085
 28 0.0000 0.1532 0.2200
 29 0.0000 0.1541 0.2315
 30 0.0000 0.1550 0.2428
 31 0.0000 0.1559 0.2539
 32 0.0000 0.1568 0.2649
 33 0.0000 0.1577 0.2758
 34 0.0000 0.1587 0.2864
 35 0.0000 0.1597 0.2968
 36 0.0000 0.1607 0.3070
 37 0.0000 0.1617 0.3170
 38 0.0000 0.1627 0.3267
 39 0.0000 0.1638 0.3362
 40 0.0000 0.1649 0.3454
 41 0.0000 0.1660 0.3543
 42 0.0000 0.1671 0.3629
 43 0.0000 0.1683 0.3712
 44 0.0000 0.1695 0.3791
 45 0.0000 0.1707 0.3868
 46 0.0000 0.1718 0.3940
 47 0.0000 0.1727 0.4010
 48 0.0000 0.1735 0.4076
 49 0.0000 0.1742 0.4138
 50 0.0000 0.1747 0.4196
 51 0.0000 0.1751 0.4251
 52 0.0000 0.1753 0.4301
 53 0.0000 0.1753 0.4348
 54 0.0000 0.1751 0.4391
 55 0.0000 0.1748 0.4430
 56 0.0000 0.1743 0.4465
 57 0.0000 0.1737 0.4495
 58 0.0000 0.1728 0.4522
 59 0.0000 0.1718 0.4544
 60 0.0000 0.1705 0.4563
 61 0.0000 0.1691 0.4577
 62 0.0000 0.1675 0.4588
 63 0.0000 0.1657 0.4594
 64 0.0000 0.1637 0.4596
 65 0.0309 0.1614 0.4594
 66 0.0826 0.1590 0.4589
 67 0.1175 0.1564 0.4579
 68 0.1457 0.1536 0.4566
 69 0.1701 0.1505 0.4548
 70 0.1921 0.1473 0.4528
 71 0.2123 0.1439 0.4503
 72 0.2312 0.1402 0.4475
 73 0.2489 0.1364 0.4443
 74 0.2657 0.1324 0.4409
 75 0.2817 0.1282 0.4370
 76 0.2970 0.1237 0.4329
 77 0.3116 0.1192 0.4284
 78 0.3257 0.1144 0.4237
 79 0.3392 0.1095 0.4187
 80 0.3522 0.1044 0.4134
 81 0.3647 0.0992 0.4078
 82 0.3768 0.0938 0.4020
 83 0.3884 0.0884 0.3960
 84 0.3995 0.0829 0.3897
 85 0.4103 0.0774 0.3832
 86 0.4206 0.0719 0.3765
 87 0.4304 0.0664 0.3697
 88 0.4399 0.0611 0.3626
 89 0.4490 0.0561 0.3555
 90 0.4577 0.0513 0.3481
 91 0.4660 0.0471 0.3407
 92 0.4738 0.0434 0.3331
 93 0.4813 0.0406 0.3254
 94 0.4884 0.0387 0.3176
 95 0.4952 0.0379 0.3097
 96 0.5015 0.0383 0.3018
 97 0.5075 0.0399 0.2938
 98 0.5130 0.0427 0.2857
 99 0.5182 0.0466 0.2776
100 0.5231 0.0514 0.2695
101 0.5275 0.0571 0.2614
102 0.5316 0.0634 0.2533
103 0.5353 0.0703 0.2451
104 0.5387 0.0776 0.2370
105 0.5417 0.0852 0.2289
106 0.5443 0.0931 0.2207
107 0.5466 0.1012 0.2127
108 0.5486 0.1095 0.2046
109 0.5502 0.1180 0.1966
110 0.5514 0.1265 0.1886
111 0.5523 0.1350 0.1806
112 0.5529 0.1436 0.1726
113 0.5532 0.1523 0.1647
114 0.5531 0.1609 0.1568
115 0.5527 0.1695 0.1489
116 0.5520 0.1782 0.1410
117 0.5510 0.1868 0.1332
118 0.5496 0.1953 0.1253
119 0.5480 0.2039 0.1173
120 0.5461 0.2123 0.1094
121 0.5439 0.2207 0.1013
122 0.5414 0.2291 0.0932
123 0.5386 0.2374 0.0850
124 0.5355 0.2456 0.0765
125 0.5322 0.2538 0.0679
126 0.5286 0.2619 0.0589
127 0.5247 0.2699 0.0496
128 0.5206 0.2778 0.0397
129 0.5163 0.2857 0.0297
130 0.5117 0.2935 0.0205
131 0.5068 0.3011 0.0121
132 0.5017 0.3087 0.0043
133 0.4964 0.3163 0.0000
134 0.4909 0.3237 0.0000
135 0.4851 0.3310 0.0000
136 0.4791 0.3382 0.0000
137 0.4729 0.3454 0.0000
138 0.4665 0.3524 0.0000
139 0.4599 0.3594 0.0000
140 0.4530 0.3663 0.0000
141 0.4460 0.3731 0.0000
142 0.4387 0.3798 0.0000
143 0.4312 0.3864 0.0000
144 0.4235 0.3929 0.0000
145 0.4156 0.3993 0.0000
146 0.4075 0.4056 0.0000
147 0.3992 0.4118 0.0000
148 0.3907 0.4180 0.0000
149 0.3819 0.4240 0.0047
150 0.3729 0.4300 0.0156
151 0.3636 0.4359 0.0282
152 0.3541 0.4416 0.0427
153 0.3443 0.4474 0.0571
154 0.3342 0.4530 0.0708
155 0.3238 0.4585 0.0840
156 0.3130 0.4640 0.0970
157 0.3019 0.4693 0.1099
158 0.2903 0.4746 0.1227
159 0.2783 0.4798 0.1355
160 0.2657 0.4850 0.1484
161 0.2526 0.4900 0.1613
162 0.2387 0.4950 0.1743
163 0.2240 0.4999 0.1874
164 0.2083 0.5047 0.2007
165 0.1913 0.5095 0.2141
166 0.1727 0.5141 0.2276
167 0.1519 0.5187 0.2413
168 0.1279 0.5233 0.2551
169 0.0988 0.5277 0.2691
170 0.0592 0.5321 0.2832
171 0.0000 0.5364 0.2975
172 0.0000 0.5406 0.3119
173 0.0000 0.5448 0.3265
174 0.0000 0.5489 0.3412
175 0.0000 0.5530 0.3560
176 0.0000 0.5569 0.3709
177 0.0000 0.5608 0.3860
178 0.0000 0.5646 0.4012
179 0.0000 0.5684 0.4164
180 0.0000 0.5721 0.4317
181 0.0000 0.5757 0.4471
182 0.0000 0.5792 0.4626
183 0.0000 0.5827 0.4781
184 0.0000 0.5860 0.4937
185 0.0000 0.5893 0.5092
186 0.0000 0.5926 0.5248
187 0.0000 0.5957 0.5404
188 0.0000 0.5988 0.5559
189 0.0000 0.6018 0.5714
190 0.0000 0.6047 0.5869
191 0.0000 0.6076 0.6023
192 0.0000 0.6103 0.6176
193 0.0000 0.6130 0.6328
194 0.0000 0.6156 0.6479
195 0.0000 0.6181 0.6628
196 0.0000 0.6205 0.6776
197 0.0000 0.6228 0.6922
198 0.0000 0.6250 0.7067
199 0.0000 0.6271 0.7210
200 0.0000 0.6291 0.7350
201 0.0000 0.6310 0.7488
202 0.0000 0.6328 0.7624
203 0.0000 0.6346 0.7757
204 0.0000 0.6362 0.7887
205 0.0000 0.6377 0.8015
206 0.0000 0.6390 0.8139
207 0.0000 0.6403 0.8260
208 0.0000 0.6415 0.8378
209 0.0000 0.6425 0.8493
210 0.0000 0.6434 0.8603
211 0.0000 0.6442 0.8711
212 0.0000 0.6449 0.8814
213 0.0000 0.6455 0.8913
214 0.0000 0.6460 0.9009
215 0.0000 0.6463 0.9100
216 0.0000 0.6465 0.9187
217 0.0000 0.6466 0.9269
218 0.0752 0.6466 0.9347
219 0.1475 0.6464 0.9421
220 0.1975 0.6461 0.9490
221 0.2386 0.6457 0.9555
222 0.2749 0.6452 0.9615
223 0.3079 0.6446 0.9670
224 0.3387 0.6439 0.9720
225 0.3677 0.6430 0.9766
226 0.3954 0.6420 0.9806
227 0.4220 0.6410 0.9842
228 0.4477 0.6398 0.9873
229 0.4726 0.6385 0.9900
230 0.4968 0.6372 0.9921
231 0.5204 0.6357 0.9937
232 0.5434 0.6342 0.9949
233 0.5659 0.6326 0.9956
234 0.5879 0.6309 0.9958
235 0.6094 0.6292 0.9955
236 0.6305 0.6274 0.9948
237 0.6512 0.6256 0.9936
238 0.6714 0.6237 0.9920
239 0.6912 0.6218 0.9899
240 0.7107 0.6198 0.9873
241 0.7297 0.6179 0.9843
242 0.7483 0.6159 0.9809
243 0.7665 0.6140 0.9771
244 0.7843 0.6121 0.9729
245 0.8017 0.6102 0.9683
246 0.8188 0.6084 0.9633
247 0.8354 0.6066 0.9579
248 0.8515 0.6049 0.9521
249 0.8673 0.6033 0.9461
250 0.8827 0.6018 0.9396
251 0.8976 0.6004 0.9329
252 0.9121 0.5991 0.9258
253 0.9261 0.5980 0.9185
254 0.9398 0.5970 0.9108
255 0.9530 0.5961 0.9029
