# gbpCode colour map
#    type      = linear
#    hue       = 150 degrees
#    radius    = 000 degrees
#    chroma    = 050
#    luminance = 000 to 071
  0 0.0000 0.1002 0.0000
  1 0.0000 0.1014 0.0000
  2 0.0000 0.1025 0.0000
  3 0.0000 0.1036 0.0000
  4 0.0000 0.1046 0.0000
  5 0.0000 0.1057 0.0000
  6 0.0000 0.1067 0.0000
  7 0.0000 0.1077 0.0000
  8 0.0000 0.1086 0.0000
  9 0.0000 0.1095 0.0000
 10 0.0000 0.1104 0.0000
 11 0.0000 0.1113 0.0000
 12 0.0000 0.1122 0.0000
 13 0.0000 0.1130 0.0000
 14 0.0000 0.1138 0.0000
 15 0.0000 0.1146 0.0000
 16 0.0000 0.1154 0.0000
 17 0.0000 0.1161 0.0000
 18 0.0000 0.1169 0.0000
 19 0.0000 0.1176 0.0000
 20 0.0000 0.1183 0.0000
 21 0.0000 0.1190 0.0000
 22 0.0000 0.1196 0.0000
 23 0.0000 0.1203 0.0000
 24 0.0000 0.1209 0.0000
 25 0.0000 0.1215 0.0000
 26 0.0000 0.1221 0.0000
 27 0.0000 0.1227 0.0000
 28 0.0035 0.1233 0.0000
 29 0.0171 0.1239 0.0000
 30 0.0306 0.1245 0.0000
 31 0.0438 0.1252 0.0000
 32 0.0552 0.1259 0.0000
 33 0.0651 0.1267 0.0000
 34 0.0739 0.1276 0.0000
 35 0.0818 0.1285 0.0000
 36 0.0891 0.1295 0.0000
 37 0.0958 0.1305 0.0000
 38 0.1020 0.1316 0.0000
 39 0.1078 0.1328 0.0000
 40 0.1133 0.1340 0.0000
 41 0.1185 0.1353 0.0000
 42 0.1236 0.1366 0.0000
 43 0.1289 0.1378 0.0000
 44 0.1342 0.1390 0.0000
 45 0.1395 0.1402 0.0000
 46 0.1450 0.1413 0.0000
 47 0.1504 0.1423 0.0000
 48 0.1560 0.1434 0.0000
 49 0.1616 0.1444 0.0000
 50 0.1672 0.1453 0.0000
 51 0.1729 0.1462 0.0000
 52 0.1786 0.1470 0.0000
 53 0.1844 0.1478 0.0000
 54 0.1902 0.1486 0.0000
 55 0.1960 0.1493 0.0000
 56 0.2019 0.1500 0.0000
 57 0.2078 0.1506 0.0000
 58 0.2138 0.1512 0.0000
 59 0.2197 0.1518 0.0000
 60 0.2257 0.1523 0.0000
 61 0.2317 0.1527 0.0000
 62 0.2378 0.1531 0.0000
 63 0.2438 0.1535 0.0000
 64 0.2499 0.1538 0.0000
 65 0.2560 0.1541 0.0000
 66 0.2621 0.1544 0.0000
 67 0.2683 0.1546 0.0000
 68 0.2744 0.1547 0.0000
 69 0.2805 0.1548 0.0000
 70 0.2867 0.1549 0.0000
 71 0.2929 0.1549 0.0000
 72 0.2990 0.1549 0.0000
 73 0.3052 0.1548 0.0000
 74 0.3114 0.1548 0.0000
 75 0.3175 0.1546 0.0000
 76 0.3237 0.1545 0.0000
 77 0.3299 0.1543 0.0000
 78 0.3360 0.1540 0.0000
 79 0.3422 0.1537 0.0000
 80 0.3484 0.1534 0.0000
 81 0.3545 0.1531 0.0000
 82 0.3606 0.1527 0.0000
 83 0.3668 0.1523 0.0000
 84 0.3729 0.1519 0.0000
 85 0.3789 0.1515 0.0000
 86 0.3850 0.1510 0.0000
 87 0.3911 0.1505 0.0000
 88 0.3971 0.1500 0.0000
 89 0.4031 0.1494 0.0000
 90 0.4091 0.1489 0.0000
 91 0.4151 0.1483 0.0000
 92 0.4210 0.1478 0.0000
 93 0.4270 0.1472 0.0000
 94 0.4329 0.1466 0.0000
 95 0.4387 0.1460 0.0013
 96 0.4445 0.1454 0.0108
 97 0.4503 0.1448 0.0205
 98 0.4561 0.1443 0.0302
 99 0.4618 0.1437 0.0400
100 0.4675 0.1432 0.0492
101 0.4732 0.1427 0.0575
102 0.4788 0.1422 0.0656
103 0.4843 0.1417 0.0734
104 0.4898 0.1413 0.0812
105 0.4952 0.1409 0.0888
106 0.5006 0.1406 0.0963
107 0.5059 0.1403 0.1038
108 0.5111 0.1401 0.1112
109 0.5162 0.1399 0.1186
110 0.5213 0.1398 0.1260
111 0.5263 0.1398 0.1335
112 0.5313 0.1399 0.1409
113 0.5361 0.1400 0.1483
114 0.5409 0.1403 0.1557
115 0.5456 0.1406 0.1632
116 0.5503 0.1410 0.1707
117 0.5548 0.1415 0.1782
118 0.5593 0.1421 0.1858
119 0.5637 0.1429 0.1933
120 0.5680 0.1437 0.2010
121 0.5722 0.1447 0.2086
122 0.5763 0.1458 0.2163
123 0.5804 0.1470 0.2241
124 0.5843 0.1483 0.2318
125 0.5882 0.1497 0.2396
126 0.5920 0.1513 0.2475
127 0.5957 0.1530 0.2554
128 0.5992 0.1548 0.2633
129 0.6027 0.1567 0.2713
130 0.6061 0.1588 0.2793
131 0.6094 0.1610 0.2873
132 0.6126 0.1633 0.2954
133 0.6157 0.1657 0.3035
134 0.6187 0.1683 0.3116
135 0.6216 0.1710 0.3198
136 0.6244 0.1737 0.3280
137 0.6270 0.1767 0.3362
138 0.6296 0.1797 0.3444
139 0.6321 0.1828 0.3527
140 0.6344 0.1860 0.3610
141 0.6367 0.1894 0.3693
142 0.6388 0.1928 0.3777
143 0.6409 0.1963 0.3861
144 0.6428 0.2000 0.3944
145 0.6446 0.2037 0.4028
146 0.6463 0.2075 0.4113
147 0.6479 0.2114 0.4197
148 0.6494 0.2153 0.4281
149 0.6507 0.2194 0.4366
150 0.6520 0.2235 0.4450
151 0.6531 0.2277 0.4535
152 0.6541 0.2320 0.4619
153 0.6550 0.2363 0.4704
154 0.6557 0.2407 0.4788
155 0.6564 0.2452 0.4873
156 0.6569 0.2497 0.4957
157 0.6573 0.2543 0.5042
158 0.6576 0.2589 0.5126
159 0.6578 0.2636 0.5210
160 0.6578 0.2683 0.5294
161 0.6578 0.2731 0.5378
162 0.6576 0.2779 0.5462
163 0.6573 0.2827 0.5545
164 0.6568 0.2876 0.5628
165 0.6563 0.2926 0.5711
166 0.6556 0.2975 0.5794
167 0.6548 0.3025 0.5876
168 0.6538 0.3075 0.5958
169 0.6528 0.3126 0.6040
170 0.6516 0.3177 0.6121
171 0.6503 0.3228 0.6202
172 0.6489 0.3279 0.6283
173 0.6473 0.3331 0.6363
174 0.6456 0.3383 0.6442
175 0.6438 0.3435 0.6522
176 0.6419 0.3487 0.6600
177 0.6399 0.3539 0.6678
178 0.6377 0.3592 0.6756
179 0.6354 0.3644 0.6833
180 0.6330 0.3697 0.6910
181 0.6304 0.3750 0.6985
182 0.6278 0.3803 0.7061
183 0.6250 0.3856 0.7135
184 0.6220 0.3909 0.7209
185 0.6190 0.3962 0.7282
186 0.6158 0.4015 0.7355
187 0.6125 0.4068 0.7427
188 0.6091 0.4122 0.7498
189 0.6056 0.4175 0.7568
190 0.6019 0.4228 0.7638
191 0.5981 0.4281 0.7707
192 0.5942 0.4335 0.7775
193 0.5902 0.4388 0.7842
194 0.5860 0.4441 0.7908
195 0.5818 0.4495 0.7973
196 0.5774 0.4548 0.8038
197 0.5728 0.4601 0.8102
198 0.5682 0.4654 0.8164
199 0.5634 0.4707 0.8226
200 0.5585 0.4760 0.8287
201 0.5535 0.4813 0.8347
202 0.5484 0.4866 0.8406
203 0.5431 0.4919 0.8464
204 0.5377 0.4971 0.8521
205 0.5322 0.5024 0.8577
206 0.5266 0.5076 0.8632
207 0.5208 0.5129 0.8685
208 0.5149 0.5181 0.8738
209 0.5089 0.5233 0.8790
210 0.5028 0.5285 0.8841
211 0.4965 0.5337 0.8890
212 0.4902 0.5388 0.8939
213 0.4836 0.5440 0.8986
214 0.4770 0.5492 0.9032
215 0.4702 0.5543 0.9078
216 0.4633 0.5594 0.9122
217 0.4563 0.5645 0.9165
218 0.4491 0.5696 0.9206
219 0.4418 0.5747 0.9247
220 0.4343 0.5797 0.9286
221 0.4267 0.5847 0.9325
222 0.4190 0.5898 0.9362
223 0.4111 0.5948 0.9398
224 0.4031 0.5998 0.9432
225 0.3949 0.6047 0.9466
226 0.3865 0.6097 0.9498
227 0.3780 0.6146 0.9529
228 0.3693 0.6195 0.9559
229 0.3604 0.6244 0.9588
230 0.3514 0.6293 0.9616
231 0.3421 0.6342 0.9642
232 0.3327 0.6390 0.9667
233 0.3230 0.6438 0.9691
234 0.3131 0.6486 0.9714
235 0.3029 0.6534 0.9735
236 0.2925 0.6581 0.9755
237 0.2817 0.6629 0.9775
238 0.2707 0.6676 0.9792
239 0.2593 0.6723 0.9809
240 0.2475 0.6770 0.9825
241 0.2353 0.6816 0.9839
242 0.2225 0.6863 0.9852
243 0.2092 0.6909 0.9864
244 0.1952 0.6955 0.9875
245 0.1804 0.7001 0.9884
246 0.1645 0.7046 0.9893
247 0.1473 0.7092 0.9900
248 0.1283 0.7137 0.9906
249 0.1067 0.7182 0.9911
250 0.0810 0.7226 0.9915
251 0.0469 0.7271 0.9918
252 0.0016 0.7315 0.9919
253 0.0000 0.7359 0.9920
254 0.0000 0.7403 0.9919
255 0.0000 0.7447 0.9917
