# gbpCode colour map
#    type      = linear
#    hue       = 030 degrees
#    radius    = -01 degrees
#    chroma    = 050
#    luminance = 000 to 071
  0 0.2229 0.0000 0.0000
  1 0.2251 0.0000 0.0000
  2 0.2274 0.0000 0.0000
  3 0.2296 0.0000 0.0000
  4 0.2319 0.0000 0.0000
  5 0.2343 0.0000 0.0000
  6 0.2366 0.0000 0.0000
  7 0.2390 0.0000 0.0000
  8 0.2414 0.0000 0.0000
  9 0.2437 0.0000 0.0000
 10 0.2461 0.0000 0.0000
 11 0.2485 0.0000 0.0000
 12 0.2508 0.0000 0.0000
 13 0.2531 0.0000 0.0000
 14 0.2554 0.0000 0.0000
 15 0.2577 0.0000 0.0002
 16 0.2600 0.0000 0.0163
 17 0.2622 0.0000 0.0323
 18 0.2644 0.0000 0.0478
 19 0.2665 0.0000 0.0609
 20 0.2686 0.0000 0.0722
 21 0.2706 0.0000 0.0822
 22 0.2726 0.0000 0.0913
 23 0.2746 0.0000 0.0997
 24 0.2764 0.0000 0.1076
 25 0.2781 0.0000 0.1156
 26 0.2797 0.0000 0.1237
 27 0.2811 0.0000 0.1318
 28 0.2824 0.0000 0.1400
 29 0.2835 0.0000 0.1483
 30 0.2844 0.0000 0.1566
 31 0.2852 0.0000 0.1650
 32 0.2857 0.0000 0.1734
 33 0.2861 0.0000 0.1818
 34 0.2863 0.0000 0.1902
 35 0.2862 0.0000 0.1987
 36 0.2860 0.0000 0.2072
 37 0.2856 0.0000 0.2156
 38 0.2849 0.0000 0.2241
 39 0.2840 0.0000 0.2325
 40 0.2830 0.0000 0.2410
 41 0.2817 0.0000 0.2494
 42 0.2802 0.0000 0.2578
 43 0.2784 0.0000 0.2661
 44 0.2765 0.0000 0.2744
 45 0.2743 0.0000 0.2827
 46 0.2719 0.0000 0.2909
 47 0.2692 0.0000 0.2990
 48 0.2663 0.0000 0.3071
 49 0.2631 0.0000 0.3152
 50 0.2597 0.0000 0.3231
 51 0.2560 0.0083 0.3310
 52 0.2520 0.0189 0.3388
 53 0.2477 0.0300 0.3465
 54 0.2432 0.0414 0.3541
 55 0.2384 0.0521 0.3616
 56 0.2332 0.0618 0.3690
 57 0.2277 0.0707 0.3763
 58 0.2218 0.0791 0.3835
 59 0.2156 0.0870 0.3906
 60 0.2090 0.0946 0.3975
 61 0.2020 0.1018 0.4043
 62 0.1945 0.1088 0.4110
 63 0.1865 0.1156 0.4176
 64 0.1779 0.1221 0.4240
 65 0.1687 0.1285 0.4303
 66 0.1588 0.1347 0.4365
 67 0.1480 0.1408 0.4425
 68 0.1362 0.1468 0.4483
 69 0.1232 0.1526 0.4540
 70 0.1085 0.1583 0.4596
 71 0.0916 0.1640 0.4649
 72 0.0713 0.1695 0.4701
 73 0.0447 0.1749 0.4752
 74 0.0105 0.1803 0.4801
 75 0.0000 0.1856 0.4848
 76 0.0000 0.1907 0.4893
 77 0.0000 0.1959 0.4937
 78 0.0000 0.2009 0.4979
 79 0.0000 0.2059 0.5019
 80 0.0000 0.2108 0.5057
 81 0.0000 0.2157 0.5094
 82 0.0000 0.2205 0.5128
 83 0.0000 0.2252 0.5161
 84 0.0000 0.2299 0.5192
 85 0.0000 0.2345 0.5221
 86 0.0000 0.2391 0.5248
 87 0.0000 0.2437 0.5273
 88 0.0000 0.2482 0.5297
 89 0.0000 0.2526 0.5318
 90 0.0000 0.2570 0.5338
 91 0.0000 0.2613 0.5356
 92 0.0000 0.2656 0.5372
 93 0.0000 0.2699 0.5386
 94 0.0000 0.2741 0.5398
 95 0.0000 0.2783 0.5408
 96 0.0000 0.2824 0.5416
 97 0.0000 0.2865 0.5423
 98 0.0000 0.2906 0.5427
 99 0.0000 0.2946 0.5430
100 0.0000 0.2986 0.5431
101 0.0000 0.3026 0.5430
102 0.0000 0.3065 0.5428
103 0.0000 0.3104 0.5423
104 0.0000 0.3142 0.5417
105 0.0000 0.3181 0.5409
106 0.0000 0.3219 0.5399
107 0.0000 0.3256 0.5388
108 0.0000 0.3294 0.5375
109 0.0000 0.3331 0.5360
110 0.0000 0.3367 0.5344
111 0.0000 0.3404 0.5326
112 0.0000 0.3440 0.5306
113 0.0000 0.3476 0.5285
114 0.0000 0.3512 0.5262
115 0.0000 0.3547 0.5238
116 0.0000 0.3582 0.5212
117 0.0000 0.3617 0.5185
118 0.0000 0.3652 0.5157
119 0.0000 0.3686 0.5127
120 0.0000 0.3720 0.5096
121 0.0000 0.3754 0.5063
122 0.0000 0.3788 0.5029
123 0.0000 0.3821 0.4994
124 0.0000 0.3854 0.4958
125 0.0000 0.3887 0.4920
126 0.0000 0.3920 0.4882
127 0.0000 0.3952 0.4842
128 0.0000 0.3984 0.4801
129 0.0000 0.4016 0.4760
130 0.0000 0.4048 0.4717
131 0.0000 0.4080 0.4673
132 0.0000 0.4111 0.4629
133 0.0000 0.4142 0.4583
134 0.0000 0.4173 0.4537
135 0.0000 0.4204 0.4490
136 0.0000 0.4234 0.4442
137 0.0000 0.4264 0.4393
138 0.0000 0.4294 0.4344
139 0.0000 0.4324 0.4294
140 0.0000 0.4354 0.4244
141 0.0000 0.4383 0.4193
142 0.0000 0.4412 0.4141
143 0.0000 0.4441 0.4089
144 0.0000 0.4469 0.4037
145 0.0000 0.4497 0.3984
146 0.0000 0.4525 0.3930
147 0.0000 0.4553 0.3877
148 0.0000 0.4581 0.3823
149 0.0000 0.4608 0.3769
150 0.0000 0.4635 0.3715
151 0.0000 0.4662 0.3660
152 0.0000 0.4688 0.3606
153 0.0000 0.4714 0.3551
154 0.0000 0.4740 0.3496
155 0.0000 0.4765 0.3441
156 0.0000 0.4791 0.3386
157 0.0000 0.4816 0.3332
158 0.0000 0.4840 0.3277
159 0.0000 0.4864 0.3223
160 0.0000 0.4888 0.3168
161 0.0000 0.4912 0.3114
162 0.0000 0.4935 0.3060
163 0.0000 0.4958 0.3006
164 0.0000 0.4981 0.2953
165 0.0000 0.5003 0.2900
166 0.0000 0.5025 0.2847
167 0.0000 0.5047 0.2795
168 0.0000 0.5068 0.2743
169 0.0000 0.5089 0.2692
170 0.0000 0.5109 0.2641
171 0.0530 0.5129 0.2591
172 0.0904 0.5148 0.2541
173 0.1185 0.5168 0.2492
174 0.1422 0.5186 0.2444
175 0.1631 0.5205 0.2397
176 0.1822 0.5223 0.2351
177 0.1999 0.5240 0.2305
178 0.2165 0.5257 0.2260
179 0.2324 0.5274 0.2217
180 0.2476 0.5290 0.2174
181 0.2623 0.5306 0.2133
182 0.2765 0.5321 0.2093
183 0.2904 0.5336 0.2054
184 0.3039 0.5350 0.2017
185 0.3172 0.5364 0.1981
186 0.3302 0.5377 0.1946
187 0.3430 0.5390 0.1914
188 0.3556 0.5402 0.1883
189 0.3680 0.5414 0.1854
190 0.3803 0.5426 0.1827
191 0.3924 0.5437 0.1801
192 0.4045 0.5447 0.1779
193 0.4164 0.5457 0.1758
194 0.4282 0.5466 0.1740
195 0.4399 0.5475 0.1724
196 0.4516 0.5484 0.1711
197 0.4631 0.5491 0.1700
198 0.4746 0.5499 0.1692
199 0.4860 0.5506 0.1687
200 0.4974 0.5512 0.1685
201 0.5087 0.5518 0.1686
202 0.5199 0.5524 0.1690
203 0.5311 0.5529 0.1697
204 0.5422 0.5533 0.1707
205 0.5532 0.5537 0.1719
206 0.5642 0.5541 0.1735
207 0.5751 0.5544 0.1754
208 0.5860 0.5546 0.1776
209 0.5968 0.5549 0.1801
210 0.6076 0.5550 0.1829
211 0.6183 0.5552 0.1859
212 0.6289 0.5553 0.1893
213 0.6395 0.5553 0.1929
214 0.6500 0.5553 0.1968
215 0.6605 0.5553 0.2009
216 0.6709 0.5552 0.2053
217 0.6812 0.5551 0.2099
218 0.6914 0.5550 0.2148
219 0.7016 0.5549 0.2199
220 0.7117 0.5547 0.2252
221 0.7218 0.5545 0.2308
222 0.7317 0.5542 0.2365
223 0.7416 0.5540 0.2425
224 0.7514 0.5537 0.2486
225 0.7611 0.5534 0.2550
226 0.7707 0.5531 0.2615
227 0.7803 0.5527 0.2682
228 0.7897 0.5524 0.2751
229 0.7990 0.5521 0.2822
230 0.8083 0.5517 0.2895
231 0.8174 0.5514 0.2969
232 0.8265 0.5510 0.3044
233 0.8354 0.5507 0.3122
234 0.8442 0.5504 0.3200
235 0.8529 0.5500 0.3281
236 0.8615 0.5497 0.3363
237 0.8700 0.5495 0.3446
238 0.8783 0.5492 0.3531
239 0.8865 0.5490 0.3617
240 0.8946 0.5488 0.3705
241 0.9026 0.5486 0.3794
242 0.9104 0.5485 0.3884
243 0.9181 0.5484 0.3975
244 0.9256 0.5484 0.4068
245 0.9330 0.5484 0.4162
246 0.9402 0.5485 0.4258
247 0.9473 0.5486 0.4354
248 0.9543 0.5488 0.4452
249 0.9611 0.5490 0.4551
250 0.9677 0.5494 0.4651
251 0.9741 0.5498 0.4752
252 0.9804 0.5503 0.4854
253 0.9866 0.5508 0.4957
254 0.9925 0.5515 0.5062
255 0.9983 0.5523 0.5167
