# gbpCode colour map
#    type      = linear
#    hue       = 120 degrees
#    radius    = 000 degrees
#    chroma    = 050
#    luminance = 000 to 071
  0 0.0000 0.0638 0.0000
  1 0.0000 0.0684 0.0000
  2 0.0000 0.0728 0.0000
  3 0.0000 0.0770 0.0000
  4 0.0000 0.0810 0.0000
  5 0.0000 0.0848 0.0000
  6 0.0000 0.0885 0.0000
  7 0.0000 0.0920 0.0000
  8 0.0000 0.0954 0.0000
  9 0.0000 0.0987 0.0000
 10 0.0000 0.1018 0.0000
 11 0.0000 0.1049 0.0000
 12 0.0000 0.1078 0.0000
 13 0.0000 0.1107 0.0000
 14 0.0000 0.1135 0.0000
 15 0.0000 0.1162 0.0000
 16 0.0000 0.1189 0.0000
 17 0.0000 0.1214 0.0000
 18 0.0000 0.1239 0.0000
 19 0.0000 0.1264 0.0000
 20 0.0000 0.1287 0.0000
 21 0.0000 0.1311 0.0000
 22 0.0000 0.1333 0.0000
 23 0.0000 0.1355 0.0000
 24 0.0000 0.1377 0.0000
 25 0.0000 0.1398 0.0000
 26 0.0000 0.1419 0.0000
 27 0.0000 0.1439 0.0000
 28 0.0000 0.1459 0.0000
 29 0.0000 0.1478 0.0000
 30 0.0000 0.1498 0.0000
 31 0.0000 0.1517 0.0000
 32 0.0000 0.1537 0.0000
 33 0.0000 0.1557 0.0000
 34 0.0000 0.1578 0.0000
 35 0.0000 0.1598 0.0000
 36 0.0000 0.1619 0.0000
 37 0.0000 0.1640 0.0000
 38 0.0000 0.1661 0.0000
 39 0.0000 0.1682 0.0000
 40 0.0000 0.1703 0.0017
 41 0.0000 0.1724 0.0139
 42 0.0000 0.1746 0.0260
 43 0.0000 0.1768 0.0383
 44 0.0000 0.1790 0.0497
 45 0.0000 0.1812 0.0596
 46 0.0000 0.1834 0.0684
 47 0.0000 0.1857 0.0765
 48 0.0000 0.1879 0.0842
 49 0.0000 0.1902 0.0918
 50 0.0000 0.1925 0.0994
 51 0.0000 0.1948 0.1069
 52 0.0000 0.1972 0.1145
 53 0.0000 0.1995 0.1221
 54 0.0000 0.2019 0.1296
 55 0.0000 0.2043 0.1372
 56 0.0000 0.2067 0.1448
 57 0.0000 0.2092 0.1524
 58 0.0000 0.2116 0.1600
 59 0.0000 0.2141 0.1676
 60 0.0000 0.2166 0.1752
 61 0.0000 0.2191 0.1828
 62 0.0000 0.2216 0.1904
 63 0.0000 0.2242 0.1981
 64 0.0000 0.2267 0.2058
 65 0.0000 0.2293 0.2134
 66 0.0000 0.2319 0.2211
 67 0.0000 0.2345 0.2288
 68 0.0000 0.2372 0.2365
 69 0.0000 0.2398 0.2442
 70 0.0000 0.2425 0.2519
 71 0.0000 0.2451 0.2596
 72 0.0000 0.2477 0.2673
 73 0.0000 0.2504 0.2750
 74 0.0000 0.2530 0.2827
 75 0.0000 0.2556 0.2904
 76 0.0000 0.2582 0.2981
 77 0.0000 0.2607 0.3057
 78 0.0000 0.2633 0.3134
 79 0.0000 0.2659 0.3210
 80 0.0000 0.2684 0.3287
 81 0.0000 0.2709 0.3363
 82 0.0000 0.2734 0.3439
 83 0.0000 0.2759 0.3515
 84 0.0000 0.2784 0.3590
 85 0.0000 0.2809 0.3665
 86 0.0000 0.2833 0.3740
 87 0.0000 0.2858 0.3815
 88 0.0000 0.2882 0.3889
 89 0.0000 0.2906 0.3963
 90 0.0000 0.2929 0.4037
 91 0.0000 0.2953 0.4110
 92 0.0000 0.2976 0.4183
 93 0.0000 0.2999 0.4255
 94 0.0000 0.3022 0.4327
 95 0.0000 0.3045 0.4399
 96 0.0000 0.3067 0.4470
 97 0.0000 0.3089 0.4540
 98 0.0000 0.3111 0.4610
 99 0.0000 0.3133 0.4679
100 0.0000 0.3154 0.4748
101 0.0000 0.3176 0.4816
102 0.0000 0.3197 0.4884
103 0.0000 0.3217 0.4951
104 0.0000 0.3238 0.5017
105 0.0000 0.3258 0.5083
106 0.0000 0.3278 0.5147
107 0.0000 0.3297 0.5212
108 0.0000 0.3317 0.5275
109 0.0000 0.3336 0.5338
110 0.0000 0.3355 0.5400
111 0.0000 0.3373 0.5461
112 0.0000 0.3391 0.5521
113 0.0000 0.3409 0.5581
114 0.0000 0.3426 0.5640
115 0.0000 0.3444 0.5698
116 0.0000 0.3460 0.5755
117 0.0000 0.3477 0.5811
118 0.0000 0.3493 0.5866
119 0.0000 0.3509 0.5921
120 0.0000 0.3525 0.5974
121 0.0000 0.3540 0.6027
122 0.0000 0.3555 0.6078
123 0.0000 0.3569 0.6129
124 0.0000 0.3583 0.6179
125 0.0000 0.3597 0.6227
126 0.0000 0.3611 0.6275
127 0.0000 0.3624 0.6322
128 0.0000 0.3637 0.6368
129 0.0000 0.3649 0.6412
130 0.0000 0.3661 0.6456
131 0.0000 0.3673 0.6499
132 0.0000 0.3685 0.6540
133 0.0000 0.3696 0.6581
134 0.0000 0.3706 0.6621
135 0.0000 0.3717 0.6659
136 0.0000 0.3727 0.6697
137 0.0000 0.3737 0.6733
138 0.0000 0.3746 0.6768
139 0.0000 0.3755 0.6802
140 0.0000 0.3764 0.6835
141 0.0000 0.3772 0.6867
142 0.0000 0.3780 0.6898
143 0.0504 0.3788 0.6928
144 0.0927 0.3795 0.6957
145 0.1234 0.3802 0.6984
146 0.1489 0.3809 0.7011
147 0.1712 0.3815 0.7036
148 0.1914 0.3821 0.7060
149 0.2101 0.3827 0.7083
150 0.2276 0.3832 0.7105
151 0.2441 0.3838 0.7126
152 0.2599 0.3843 0.7146
153 0.2750 0.3847 0.7165
154 0.2896 0.3852 0.7183
155 0.3038 0.3856 0.7199
156 0.3175 0.3860 0.7214
157 0.3309 0.3863 0.7229
158 0.3439 0.3867 0.7242
159 0.3566 0.3870 0.7254
160 0.3691 0.3873 0.7265
161 0.3814 0.3876 0.7275
162 0.3934 0.3878 0.7284
163 0.4052 0.3881 0.7292
164 0.4169 0.3883 0.7298
165 0.4283 0.3885 0.7304
166 0.4396 0.3887 0.7309
167 0.4507 0.3889 0.7312
168 0.4617 0.3891 0.7315
169 0.4725 0.3892 0.7316
170 0.4832 0.3894 0.7317
171 0.4937 0.3895 0.7317
172 0.5041 0.3897 0.7315
173 0.5144 0.3898 0.7313
174 0.5246 0.3900 0.7309
175 0.5346 0.3901 0.7305
176 0.5446 0.3902 0.7299
177 0.5544 0.3904 0.7293
178 0.5641 0.3905 0.7286
179 0.5737 0.3907 0.7278
180 0.5832 0.3909 0.7269
181 0.5925 0.3911 0.7259
182 0.6018 0.3913 0.7248
183 0.6110 0.3915 0.7236
184 0.6201 0.3917 0.7224
185 0.6290 0.3920 0.7210
186 0.6379 0.3922 0.7196
187 0.6466 0.3925 0.7181
188 0.6553 0.3929 0.7165
189 0.6638 0.3932 0.7149
190 0.6723 0.3936 0.7131
191 0.6806 0.3940 0.7113
192 0.6889 0.3945 0.7094
193 0.6970 0.3950 0.7074
194 0.7051 0.3955 0.7054
195 0.7130 0.3961 0.7033
196 0.7209 0.3967 0.7011
197 0.7286 0.3974 0.6989
198 0.7362 0.3981 0.6966
199 0.7438 0.3988 0.6942
200 0.7512 0.3996 0.6918
201 0.7586 0.4005 0.6893
202 0.7658 0.4014 0.6868
203 0.7729 0.4024 0.6842
204 0.7799 0.4034 0.6816
205 0.7869 0.4045 0.6788
206 0.7937 0.4057 0.6761
207 0.8004 0.4069 0.6733
208 0.8070 0.4082 0.6704
209 0.8135 0.4096 0.6676
210 0.8199 0.4110 0.6646
211 0.8262 0.4125 0.6616
212 0.8324 0.4141 0.6586
213 0.8385 0.4158 0.6556
214 0.8445 0.4175 0.6525
215 0.8504 0.4193 0.6493
216 0.8562 0.4211 0.6462
217 0.8618 0.4231 0.6430
218 0.8674 0.4251 0.6398
219 0.8729 0.4272 0.6365
220 0.8782 0.4294 0.6332
221 0.8835 0.4317 0.6299
222 0.8886 0.4340 0.6266
223 0.8936 0.4364 0.6233
224 0.8985 0.4389 0.6199
225 0.9034 0.4415 0.6166
226 0.9081 0.4442 0.6132
227 0.9127 0.4469 0.6098
228 0.9172 0.4497 0.6064
229 0.9215 0.4526 0.6029
230 0.9258 0.4556 0.5995
231 0.9300 0.4586 0.5961
232 0.9341 0.4617 0.5926
233 0.9380 0.4649 0.5892
234 0.9419 0.4682 0.5858
235 0.9456 0.4715 0.5823
236 0.9493 0.4750 0.5789
237 0.9528 0.4784 0.5754
238 0.9562 0.4820 0.5720
239 0.9595 0.4856 0.5686
240 0.9627 0.4893 0.5652
241 0.9658 0.4931 0.5618
242 0.9688 0.4970 0.5584
243 0.9717 0.5009 0.5551
244 0.9745 0.5048 0.5517
245 0.9772 0.5088 0.5484
246 0.9798 0.5129 0.5451
247 0.9822 0.5171 0.5418
248 0.9846 0.5213 0.5386
249 0.9869 0.5256 0.5354
250 0.9890 0.5299 0.5322
251 0.9911 0.5342 0.5290
252 0.9930 0.5387 0.5259
253 0.9949 0.5432 0.5228
254 0.9966 0.5477 0.5197
255 0.9983 0.5523 0.5167
