# gbpCode colour map
#    type      = greyscale
#    hue       = 000 degrees
#    radius    = 000 degrees
#    chroma    = 000
#    luminance = 000 to 100
  0 0.0000 0.0000 0.0000
  1 0.0056 0.0056 0.0056
  2 0.0111 0.0111 0.0111
  3 0.0167 0.0167 0.0167
  4 0.0222 0.0222 0.0222
  5 0.0278 0.0278 0.0278
  6 0.0333 0.0333 0.0333
  7 0.0389 0.0389 0.0389
  8 0.0443 0.0443 0.0443
  9 0.0492 0.0492 0.0492
 10 0.0539 0.0539 0.0539
 11 0.0583 0.0583 0.0583
 12 0.0625 0.0625 0.0625
 13 0.0665 0.0665 0.0665
 14 0.0703 0.0703 0.0703
 15 0.0740 0.0740 0.0740
 16 0.0775 0.0775 0.0775
 17 0.0809 0.0809 0.0809
 18 0.0842 0.0842 0.0842
 19 0.0873 0.0873 0.0873
 20 0.0904 0.0904 0.0904
 21 0.0934 0.0934 0.0934
 22 0.0964 0.0964 0.0964
 23 0.0994 0.0994 0.0994
 24 0.1024 0.1024 0.1024
 25 0.1054 0.1054 0.1054
 26 0.1084 0.1084 0.1084
 27 0.1115 0.1115 0.1115
 28 0.1145 0.1145 0.1145
 29 0.1176 0.1176 0.1176
 30 0.1207 0.1207 0.1207
 31 0.1238 0.1238 0.1238
 32 0.1269 0.1269 0.1269
 33 0.1300 0.1300 0.1300
 34 0.1331 0.1331 0.1331
 35 0.1362 0.1362 0.1362
 36 0.1394 0.1394 0.1394
 37 0.1425 0.1425 0.1425
 38 0.1457 0.1457 0.1457
 39 0.1489 0.1489 0.1489
 40 0.1521 0.1521 0.1521
 41 0.1552 0.1552 0.1552
 42 0.1585 0.1585 0.1585
 43 0.1617 0.1617 0.1617
 44 0.1649 0.1649 0.1649
 45 0.1681 0.1681 0.1681
 46 0.1714 0.1714 0.1714
 47 0.1746 0.1746 0.1746
 48 0.1779 0.1779 0.1779
 49 0.1811 0.1811 0.1811
 50 0.1844 0.1844 0.1844
 51 0.1877 0.1877 0.1877
 52 0.1910 0.1910 0.1910
 53 0.1943 0.1943 0.1943
 54 0.1976 0.1976 0.1976
 55 0.2009 0.2009 0.2009
 56 0.2042 0.2042 0.2042
 57 0.2076 0.2076 0.2076
 58 0.2109 0.2109 0.2109
 59 0.2143 0.2143 0.2143
 60 0.2176 0.2176 0.2176
 61 0.2210 0.2210 0.2210
 62 0.2244 0.2244 0.2244
 63 0.2278 0.2278 0.2278
 64 0.2312 0.2312 0.2312
 65 0.2346 0.2346 0.2346
 66 0.2380 0.2380 0.2380
 67 0.2414 0.2414 0.2414
 68 0.2448 0.2448 0.2448
 69 0.2483 0.2483 0.2483
 70 0.2517 0.2517 0.2517
 71 0.2552 0.2552 0.2552
 72 0.2586 0.2586 0.2586
 73 0.2621 0.2621 0.2621
 74 0.2656 0.2656 0.2656
 75 0.2691 0.2691 0.2691
 76 0.2726 0.2726 0.2726
 77 0.2760 0.2760 0.2760
 78 0.2796 0.2796 0.2796
 79 0.2831 0.2831 0.2831
 80 0.2866 0.2866 0.2866
 81 0.2901 0.2901 0.2901
 82 0.2936 0.2936 0.2936
 83 0.2972 0.2972 0.2972
 84 0.3007 0.3007 0.3007
 85 0.3043 0.3043 0.3043
 86 0.3078 0.3078 0.3078
 87 0.3114 0.3114 0.3114
 88 0.3150 0.3150 0.3150
 89 0.3186 0.3186 0.3186
 90 0.3222 0.3222 0.3222
 91 0.3258 0.3258 0.3258
 92 0.3294 0.3294 0.3294
 93 0.3330 0.3330 0.3330
 94 0.3366 0.3366 0.3366
 95 0.3402 0.3402 0.3402
 96 0.3438 0.3438 0.3438
 97 0.3475 0.3475 0.3475
 98 0.3511 0.3511 0.3511
 99 0.3548 0.3548 0.3548
100 0.3584 0.3584 0.3584
101 0.3621 0.3621 0.3621
102 0.3658 0.3658 0.3658
103 0.3694 0.3694 0.3694
104 0.3731 0.3731 0.3731
105 0.3768 0.3768 0.3768
106 0.3805 0.3805 0.3805
107 0.3842 0.3842 0.3842
108 0.3879 0.3879 0.3879
109 0.3916 0.3916 0.3916
110 0.3953 0.3953 0.3953
111 0.3991 0.3991 0.3991
112 0.4028 0.4028 0.4028
113 0.4065 0.4065 0.4065
114 0.4103 0.4103 0.4103
115 0.4140 0.4140 0.4140
116 0.4178 0.4178 0.4178
117 0.4216 0.4216 0.4216
118 0.4253 0.4253 0.4253
119 0.4291 0.4291 0.4291
120 0.4329 0.4329 0.4329
121 0.4367 0.4367 0.4367
122 0.4405 0.4405 0.4405
123 0.4443 0.4443 0.4443
124 0.4481 0.4481 0.4481
125 0.4519 0.4519 0.4519
126 0.4557 0.4557 0.4557
127 0.4595 0.4595 0.4595
128 0.4633 0.4633 0.4633
129 0.4672 0.4672 0.4672
130 0.4710 0.4710 0.4710
131 0.4748 0.4748 0.4748
132 0.4787 0.4787 0.4787
133 0.4825 0.4825 0.4825
134 0.4864 0.4864 0.4864
135 0.4903 0.4903 0.4903
136 0.4941 0.4941 0.4941
137 0.4980 0.4980 0.4980
138 0.5019 0.5019 0.5019
139 0.5058 0.5058 0.5058
140 0.5097 0.5097 0.5097
141 0.5136 0.5136 0.5136
142 0.5175 0.5175 0.5175
143 0.5214 0.5214 0.5214
144 0.5253 0.5253 0.5253
145 0.5292 0.5292 0.5292
146 0.5331 0.5331 0.5331
147 0.5371 0.5371 0.5371
148 0.5410 0.5410 0.5410
149 0.5449 0.5449 0.5449
150 0.5489 0.5489 0.5489
151 0.5528 0.5528 0.5528
152 0.5568 0.5568 0.5568
153 0.5608 0.5608 0.5608
154 0.5647 0.5647 0.5647
155 0.5687 0.5687 0.5687
156 0.5727 0.5727 0.5727
157 0.5766 0.5766 0.5766
158 0.5806 0.5806 0.5806
159 0.5846 0.5846 0.5846
160 0.5886 0.5886 0.5886
161 0.5926 0.5926 0.5926
162 0.5966 0.5966 0.5966
163 0.6006 0.6006 0.6006
164 0.6047 0.6047 0.6047
165 0.6087 0.6087 0.6087
166 0.6127 0.6127 0.6127
167 0.6167 0.6167 0.6167
168 0.6208 0.6208 0.6208
169 0.6248 0.6248 0.6248
170 0.6289 0.6289 0.6289
171 0.6329 0.6329 0.6329
172 0.6370 0.6370 0.6370
173 0.6410 0.6410 0.6410
174 0.6451 0.6451 0.6451
175 0.6491 0.6491 0.6491
176 0.6532 0.6532 0.6532
177 0.6573 0.6573 0.6573
178 0.6614 0.6614 0.6614
179 0.6655 0.6655 0.6655
180 0.6696 0.6696 0.6696
181 0.6737 0.6737 0.6737
182 0.6778 0.6778 0.6778
183 0.6819 0.6819 0.6819
184 0.6860 0.6860 0.6860
185 0.6901 0.6901 0.6901
186 0.6942 0.6942 0.6942
187 0.6983 0.6983 0.6983
188 0.7025 0.7025 0.7025
189 0.7066 0.7066 0.7066
190 0.7107 0.7107 0.7107
191 0.7149 0.7149 0.7149
192 0.7190 0.7190 0.7190
193 0.7232 0.7232 0.7232
194 0.7273 0.7273 0.7273
195 0.7315 0.7315 0.7315
196 0.7356 0.7356 0.7356
197 0.7398 0.7398 0.7398
198 0.7440 0.7440 0.7440
199 0.7482 0.7482 0.7482
200 0.7524 0.7524 0.7524
201 0.7565 0.7565 0.7565
202 0.7607 0.7607 0.7607
203 0.7649 0.7649 0.7649
204 0.7691 0.7691 0.7691
205 0.7733 0.7733 0.7733
206 0.7775 0.7775 0.7775
207 0.7817 0.7817 0.7817
208 0.7860 0.7860 0.7860
209 0.7902 0.7902 0.7902
210 0.7944 0.7944 0.7944
211 0.7986 0.7986 0.7986
212 0.8029 0.8029 0.8029
213 0.8071 0.8071 0.8071
214 0.8113 0.8113 0.8113
215 0.8156 0.8156 0.8156
216 0.8198 0.8198 0.8198
217 0.8241 0.8241 0.8241
218 0.8283 0.8283 0.8283
219 0.8326 0.8326 0.8326
220 0.8369 0.8369 0.8369
221 0.8411 0.8411 0.8411
222 0.8454 0.8454 0.8454
223 0.8497 0.8497 0.8497
224 0.8540 0.8540 0.8540
225 0.8583 0.8583 0.8583
226 0.8626 0.8626 0.8626
227 0.8669 0.8669 0.8669
228 0.8711 0.8711 0.8711
229 0.8755 0.8755 0.8755
230 0.8798 0.8798 0.8798
231 0.8841 0.8841 0.8841
232 0.8884 0.8884 0.8884
233 0.8927 0.8927 0.8927
234 0.8970 0.8970 0.8970
235 0.9013 0.9013 0.9013
236 0.9057 0.9057 0.9057
237 0.9100 0.9100 0.9100
238 0.9144 0.9144 0.9144
239 0.9187 0.9187 0.9187
240 0.9230 0.9230 0.9230
241 0.9274 0.9274 0.9274
242 0.9317 0.9317 0.9317
243 0.9361 0.9361 0.9361
244 0.9405 0.9405 0.9405
245 0.9448 0.9448 0.9448
246 0.9492 0.9492 0.9492
247 0.9536 0.9536 0.9536
248 0.9579 0.9579 0.9579
249 0.9623 0.9623 0.9623
250 0.9667 0.9667 0.9667
251 0.9711 0.9711 0.9711
252 0.9755 0.9755 0.9755
253 0.9799 0.9799 0.9799
254 0.9843 0.9843 0.9843
255 1.0000 1.0000 1.0000
