# gbpCode colour map
#    type      = linear
#    hue       = 180 degrees
#    radius    = -01 degrees
#    chroma    = 050
#    luminance = 000 to 085
  0 0.0000 0.1128 0.0000
  1 0.0000 0.1147 0.0000
  2 0.0000 0.1167 0.0000
  3 0.0000 0.1185 0.0000
  4 0.0000 0.1203 0.0000
  5 0.0000 0.1220 0.0000
  6 0.0000 0.1236 0.0000
  7 0.0000 0.1252 0.0000
  8 0.0000 0.1267 0.0000
  9 0.0000 0.1282 0.0000
 10 0.0000 0.1296 0.0000
 11 0.0000 0.1310 0.0000
 12 0.0000 0.1324 0.0000
 13 0.0000 0.1336 0.0000
 14 0.0000 0.1349 0.0000
 15 0.0000 0.1361 0.0000
 16 0.0000 0.1372 0.0000
 17 0.0000 0.1383 0.0000
 18 0.0000 0.1394 0.0000
 19 0.0000 0.1404 0.0000
 20 0.0000 0.1414 0.0000
 21 0.0000 0.1424 0.0000
 22 0.0000 0.1433 0.0000
 23 0.0000 0.1442 0.0000
 24 0.0000 0.1451 0.0000
 25 0.0000 0.1459 0.0000
 26 0.0000 0.1469 0.0000
 27 0.0000 0.1479 0.0000
 28 0.0000 0.1490 0.0000
 29 0.0000 0.1501 0.0000
 30 0.0000 0.1513 0.0000
 31 0.0000 0.1525 0.0000
 32 0.0000 0.1539 0.0000
 33 0.0000 0.1552 0.0000
 34 0.0000 0.1567 0.0000
 35 0.0000 0.1582 0.0000
 36 0.0000 0.1597 0.0000
 37 0.0000 0.1614 0.0000
 38 0.0000 0.1630 0.0000
 39 0.0110 0.1648 0.0000
 40 0.0246 0.1666 0.0000
 41 0.0380 0.1685 0.0000
 42 0.0503 0.1704 0.0000
 43 0.0615 0.1723 0.0000
 44 0.0720 0.1741 0.0000
 45 0.0821 0.1759 0.0000
 46 0.0918 0.1776 0.0000
 47 0.1014 0.1793 0.0000
 48 0.1107 0.1809 0.0000
 49 0.1199 0.1824 0.0000
 50 0.1289 0.1839 0.0000
 51 0.1379 0.1853 0.0000
 52 0.1468 0.1867 0.0000
 53 0.1557 0.1880 0.0000
 54 0.1645 0.1892 0.0000
 55 0.1732 0.1904 0.0000
 56 0.1820 0.1915 0.0000
 57 0.1907 0.1925 0.0000
 58 0.1994 0.1935 0.0000
 59 0.2080 0.1944 0.0000
 60 0.2167 0.1952 0.0000
 61 0.2254 0.1960 0.0000
 62 0.2340 0.1966 0.0000
 63 0.2427 0.1973 0.0000
 64 0.2513 0.1978 0.0000
 65 0.2599 0.1983 0.0000
 66 0.2685 0.1987 0.0000
 67 0.2771 0.1990 0.0000
 68 0.2857 0.1993 0.0000
 69 0.2943 0.1995 0.0000
 70 0.3029 0.1996 0.0000
 71 0.3115 0.1997 0.0000
 72 0.3200 0.1997 0.0000
 73 0.3286 0.1997 0.0000
 74 0.3371 0.1995 0.0000
 75 0.3456 0.1994 0.0000
 76 0.3540 0.1991 0.0000
 77 0.3625 0.1988 0.0000
 78 0.3709 0.1985 0.0000
 79 0.3793 0.1981 0.0000
 80 0.3876 0.1976 0.0000
 81 0.3959 0.1971 0.0000
 82 0.4042 0.1965 0.0000
 83 0.4125 0.1959 0.0000
 84 0.4207 0.1953 0.0000
 85 0.4288 0.1947 0.0000
 86 0.4369 0.1940 0.0000
 87 0.4450 0.1932 0.0000
 88 0.4530 0.1925 0.0000
 89 0.4609 0.1917 0.0055
 90 0.4688 0.1909 0.0168
 91 0.4766 0.1902 0.0283
 92 0.4844 0.1894 0.0403
 93 0.4920 0.1886 0.0521
 94 0.4996 0.1879 0.0632
 95 0.5070 0.1872 0.0738
 96 0.5144 0.1865 0.0841
 97 0.5216 0.1858 0.0942
 98 0.5288 0.1852 0.1041
 99 0.5358 0.1847 0.1138
100 0.5427 0.1842 0.1236
101 0.5495 0.1838 0.1332
102 0.5561 0.1835 0.1429
103 0.5627 0.1833 0.1526
104 0.5691 0.1832 0.1623
105 0.5753 0.1832 0.1720
106 0.5815 0.1833 0.1817
107 0.5875 0.1836 0.1915
108 0.5933 0.1840 0.2014
109 0.5990 0.1846 0.2113
110 0.6046 0.1853 0.2213
111 0.6100 0.1861 0.2313
112 0.6152 0.1872 0.2414
113 0.6203 0.1884 0.2516
114 0.6252 0.1898 0.2618
115 0.6300 0.1914 0.2721
116 0.6346 0.1932 0.2825
117 0.6390 0.1951 0.2929
118 0.6432 0.1973 0.3034
119 0.6473 0.1996 0.3140
120 0.6512 0.2022 0.3246
121 0.6549 0.2049 0.3352
122 0.6584 0.2079 0.3459
123 0.6618 0.2110 0.3567
124 0.6649 0.2143 0.3675
125 0.6679 0.2178 0.3783
126 0.6707 0.2215 0.3892
127 0.6733 0.2254 0.4001
128 0.6756 0.2294 0.4111
129 0.6778 0.2336 0.4221
130 0.6798 0.2380 0.4331
131 0.6816 0.2425 0.4441
132 0.6832 0.2472 0.4551
133 0.6845 0.2520 0.4662
134 0.6857 0.2570 0.4772
135 0.6867 0.2621 0.4883
136 0.6874 0.2673 0.4993
137 0.6880 0.2726 0.5104
138 0.6883 0.2781 0.5214
139 0.6884 0.2836 0.5324
140 0.6883 0.2893 0.5434
141 0.6880 0.2950 0.5543
142 0.6875 0.3009 0.5653
143 0.6867 0.3068 0.5761
144 0.6858 0.3129 0.5870
145 0.6846 0.3189 0.5978
146 0.6832 0.3251 0.6085
147 0.6816 0.3313 0.6192
148 0.6798 0.3376 0.6298
149 0.6777 0.3440 0.6403
150 0.6754 0.3504 0.6508
151 0.6730 0.3568 0.6611
152 0.6702 0.3633 0.6714
153 0.6673 0.3698 0.6816
154 0.6642 0.3764 0.6918
155 0.6608 0.3830 0.7018
156 0.6572 0.3896 0.7117
157 0.6534 0.3963 0.7215
158 0.6494 0.4029 0.7312
159 0.6452 0.4096 0.7407
160 0.6407 0.4163 0.7502
161 0.6360 0.4230 0.7595
162 0.6311 0.4298 0.7687
163 0.6260 0.4365 0.7777
164 0.6207 0.4433 0.7866
165 0.6152 0.4500 0.7954
166 0.6094 0.4567 0.8040
167 0.6034 0.4635 0.8124
168 0.5972 0.4702 0.8207
169 0.5908 0.4770 0.8289
170 0.5842 0.4837 0.8368
171 0.5774 0.4904 0.8446
172 0.5703 0.4971 0.8523
173 0.5631 0.5038 0.8597
174 0.5556 0.5105 0.8670
175 0.5479 0.5171 0.8741
176 0.5400 0.5238 0.8810
177 0.5319 0.5304 0.8877
178 0.5235 0.5370 0.8943
179 0.5150 0.5436 0.9006
180 0.5062 0.5501 0.9067
181 0.4972 0.5567 0.9127
182 0.4880 0.5632 0.9184
183 0.4785 0.5696 0.9240
184 0.4688 0.5761 0.9293
185 0.4589 0.5825 0.9344
186 0.4487 0.5889 0.9394
187 0.4383 0.5953 0.9441
188 0.4277 0.6016 0.9486
189 0.4168 0.6079 0.9529
190 0.4056 0.6142 0.9570
191 0.3941 0.6204 0.9609
192 0.3824 0.6266 0.9645
193 0.3703 0.6328 0.9680
194 0.3579 0.6389 0.9712
195 0.3452 0.6450 0.9742
196 0.3321 0.6511 0.9770
197 0.3185 0.6571 0.9796
198 0.3046 0.6631 0.9820
199 0.2901 0.6690 0.9841
200 0.2751 0.6749 0.9861
201 0.2595 0.6808 0.9878
202 0.2431 0.6866 0.9893
203 0.2258 0.6924 0.9906
204 0.2075 0.6982 0.9917
205 0.1878 0.7039 0.9926
206 0.1664 0.7096 0.9933
207 0.1425 0.7153 0.9937
208 0.1149 0.7209 0.9940
209 0.0804 0.7264 0.9940
210 0.0288 0.7320 0.9939
211 0.0000 0.7374 0.9936
212 0.0000 0.7429 0.9930
213 0.0000 0.7483 0.9923
214 0.0000 0.7537 0.9914
215 0.0000 0.7590 0.9902
216 0.0000 0.7643 0.9889
217 0.0000 0.7695 0.9875
218 0.0000 0.7747 0.9858
219 0.0000 0.7799 0.9839
220 0.0000 0.7850 0.9819
221 0.0000 0.7901 0.9797
222 0.0000 0.7952 0.9773
223 0.0000 0.8002 0.9748
224 0.0000 0.8052 0.9721
225 0.0000 0.8101 0.9693
226 0.0000 0.8150 0.9663
227 0.0000 0.8198 0.9631
228 0.0000 0.8246 0.9598
229 0.0000 0.8294 0.9564
230 0.0000 0.8341 0.9528
231 0.0000 0.8388 0.9490
232 0.0000 0.8434 0.9452
233 0.0000 0.8480 0.9412
234 0.0000 0.8526 0.9371
235 0.0000 0.8571 0.9329
236 0.0000 0.8616 0.9286
237 0.0000 0.8660 0.9241
238 0.0000 0.8704 0.9196
239 0.0000 0.8748 0.9150
240 0.0000 0.8791 0.9102
241 0.0000 0.8834 0.9054
242 0.0000 0.8876 0.9005
243 0.0000 0.8918 0.8955
244 0.0000 0.8959 0.8905
245 0.0000 0.9000 0.8853
246 0.0000 0.9041 0.8801
247 0.0000 0.9081 0.8749
248 0.0619 0.9121 0.8696
249 0.1058 0.9160 0.8642
250 0.1388 0.9199 0.8588
251 0.1666 0.9238 0.8534
252 0.1914 0.9276 0.8479
253 0.2142 0.9313 0.8424
254 0.2355 0.9350 0.8369
255 0.2556 0.9387 0.8314
