# gbpCode colour map
#    type      = linear
#    hue       = 270 degrees
#    radius    = -01 degrees
#    chroma    = 050
#    luminance = 000 to 090
  0 0.0000 0.0208 0.2885
  1 0.0000 0.0320 0.2915
  2 0.0000 0.0431 0.2942
  3 0.0000 0.0529 0.2965
  4 0.0000 0.0615 0.2984
  5 0.0000 0.0693 0.2999
  6 0.0000 0.0763 0.3010
  7 0.0000 0.0828 0.3018
  8 0.0000 0.0889 0.3022
  9 0.0000 0.0945 0.3023
 10 0.0000 0.0999 0.3020
 11 0.0000 0.1048 0.3013
 12 0.0000 0.1096 0.3003
 13 0.0000 0.1141 0.2989
 14 0.0000 0.1183 0.2972
 15 0.0000 0.1224 0.2952
 16 0.0000 0.1262 0.2928
 17 0.0000 0.1299 0.2901
 18 0.0000 0.1334 0.2871
 19 0.0000 0.1368 0.2838
 20 0.0000 0.1400 0.2802
 21 0.0000 0.1431 0.2763
 22 0.0000 0.1461 0.2722
 23 0.0000 0.1489 0.2678
 24 0.0000 0.1517 0.2631
 25 0.0000 0.1546 0.2582
 26 0.0000 0.1574 0.2531
 27 0.0000 0.1601 0.2477
 28 0.0000 0.1629 0.2421
 29 0.0000 0.1657 0.2364
 30 0.0000 0.1684 0.2304
 31 0.0000 0.1711 0.2243
 32 0.0000 0.1739 0.2180
 33 0.0000 0.1766 0.2115
 34 0.0000 0.1793 0.2049
 35 0.0000 0.1821 0.1981
 36 0.0000 0.1848 0.1913
 37 0.0000 0.1875 0.1843
 38 0.0000 0.1902 0.1772
 39 0.0000 0.1929 0.1700
 40 0.0000 0.1956 0.1627
 41 0.0000 0.1984 0.1552
 42 0.0000 0.2011 0.1478
 43 0.0000 0.2038 0.1402
 44 0.0000 0.2065 0.1325
 45 0.0000 0.2093 0.1247
 46 0.0000 0.2120 0.1168
 47 0.0000 0.2148 0.1088
 48 0.0000 0.2175 0.1007
 49 0.0000 0.2203 0.0924
 50 0.0000 0.2231 0.0838
 51 0.0000 0.2259 0.0751
 52 0.0000 0.2287 0.0660
 53 0.0000 0.2315 0.0564
 54 0.0000 0.2343 0.0459
 55 0.0000 0.2370 0.0341
 56 0.0000 0.2396 0.0223
 57 0.0000 0.2422 0.0108
 58 0.0000 0.2447 0.0000
 59 0.0000 0.2472 0.0000
 60 0.0000 0.2496 0.0000
 61 0.0000 0.2519 0.0000
 62 0.0000 0.2541 0.0000
 63 0.0000 0.2562 0.0000
 64 0.0000 0.2583 0.0000
 65 0.0000 0.2602 0.0000
 66 0.0000 0.2621 0.0000
 67 0.0208 0.2638 0.0000
 68 0.0549 0.2655 0.0000
 69 0.0815 0.2670 0.0000
 70 0.1036 0.2685 0.0000
 71 0.1232 0.2698 0.0000
 72 0.1413 0.2711 0.0000
 73 0.1582 0.2722 0.0000
 74 0.1744 0.2731 0.0000
 75 0.1899 0.2740 0.0000
 76 0.2050 0.2747 0.0000
 77 0.2197 0.2754 0.0000
 78 0.2341 0.2758 0.0000
 79 0.2482 0.2762 0.0000
 80 0.2621 0.2764 0.0000
 81 0.2759 0.2765 0.0000
 82 0.2894 0.2765 0.0000
 83 0.3028 0.2763 0.0000
 84 0.3160 0.2760 0.0000
 85 0.3292 0.2755 0.0000
 86 0.3422 0.2749 0.0000
 87 0.3551 0.2742 0.0000
 88 0.3678 0.2734 0.0000
 89 0.3805 0.2724 0.0000
 90 0.3930 0.2713 0.0000
 91 0.4055 0.2701 0.0000
 92 0.4178 0.2688 0.0000
 93 0.4300 0.2673 0.0000
 94 0.4420 0.2658 0.0000
 95 0.4539 0.2642 0.0000
 96 0.4657 0.2624 0.0000
 97 0.4774 0.2606 0.0000
 98 0.4889 0.2587 0.0055
 99 0.5001 0.2567 0.0206
100 0.5112 0.2547 0.0376
101 0.5221 0.2527 0.0548
102 0.5328 0.2507 0.0704
103 0.5433 0.2486 0.0849
104 0.5535 0.2466 0.0989
105 0.5635 0.2446 0.1126
106 0.5732 0.2426 0.1260
107 0.5827 0.2407 0.1393
108 0.5919 0.2389 0.1526
109 0.6008 0.2372 0.1659
110 0.6095 0.2357 0.1792
111 0.6178 0.2343 0.1926
112 0.6258 0.2332 0.2061
113 0.6335 0.2322 0.2197
114 0.6409 0.2315 0.2334
115 0.6479 0.2310 0.2473
116 0.6546 0.2309 0.2613
117 0.6609 0.2310 0.2754
118 0.6668 0.2315 0.2896
119 0.6724 0.2324 0.3040
120 0.6776 0.2336 0.3185
121 0.6824 0.2352 0.3331
122 0.6868 0.2372 0.3478
123 0.6908 0.2395 0.3626
124 0.6944 0.2423 0.3776
125 0.6975 0.2455 0.3926
126 0.7003 0.2491 0.4076
127 0.7026 0.2530 0.4228
128 0.7044 0.2574 0.4380
129 0.7058 0.2621 0.4532
130 0.7068 0.2672 0.4684
131 0.7073 0.2727 0.4837
132 0.7073 0.2784 0.4989
133 0.7069 0.2845 0.5141
134 0.7060 0.2908 0.5293
135 0.7047 0.2975 0.5444
136 0.7028 0.3043 0.5595
137 0.7005 0.3114 0.5744
138 0.6977 0.3188 0.5893
139 0.6945 0.3263 0.6040
140 0.6907 0.3340 0.6186
141 0.6865 0.3418 0.6331
142 0.6818 0.3498 0.6474
143 0.6766 0.3580 0.6614
144 0.6709 0.3662 0.6753
145 0.6647 0.3745 0.6890
146 0.6581 0.3829 0.7024
147 0.6510 0.3914 0.7156
148 0.6433 0.3999 0.7285
149 0.6352 0.4085 0.7412
150 0.6267 0.4171 0.7535
151 0.6176 0.4258 0.7655
152 0.6080 0.4344 0.7772
153 0.5980 0.4430 0.7886
154 0.5875 0.4517 0.7996
155 0.5765 0.4603 0.8102
156 0.5650 0.4689 0.8205
157 0.5530 0.4774 0.8304
158 0.5405 0.4860 0.8399
159 0.5275 0.4945 0.8490
160 0.5140 0.5029 0.8576
161 0.5000 0.5113 0.8659
162 0.4854 0.5196 0.8737
163 0.4703 0.5279 0.8810
164 0.4547 0.5361 0.8879
165 0.4384 0.5442 0.8944
166 0.4215 0.5523 0.9004
167 0.4039 0.5602 0.9059
168 0.3857 0.5681 0.9109
169 0.3666 0.5759 0.9155
170 0.3466 0.5837 0.9196
171 0.3256 0.5913 0.9232
172 0.3035 0.5989 0.9264
173 0.2799 0.6063 0.9290
174 0.2546 0.6137 0.9312
175 0.2270 0.6210 0.9329
176 0.1962 0.6282 0.9341
177 0.1606 0.6352 0.9349
178 0.1164 0.6422 0.9351
179 0.0485 0.6491 0.9350
180 0.0000 0.6559 0.9343
181 0.0000 0.6626 0.9332
182 0.0000 0.6693 0.9316
183 0.0000 0.6758 0.9296
184 0.0000 0.6822 0.9272
185 0.0000 0.6885 0.9243
186 0.0000 0.6947 0.9210
187 0.0000 0.7009 0.9173
188 0.0000 0.7069 0.9132
189 0.0000 0.7129 0.9087
190 0.0000 0.7187 0.9038
191 0.0000 0.7245 0.8986
192 0.0000 0.7301 0.8930
193 0.0000 0.7357 0.8870
194 0.0000 0.7411 0.8808
195 0.0000 0.7465 0.8742
196 0.0000 0.7518 0.8673
197 0.0000 0.7570 0.8601
198 0.0000 0.7621 0.8526
199 0.0000 0.7671 0.8449
200 0.0000 0.7720 0.8369
201 0.0000 0.7769 0.8287
202 0.0000 0.7816 0.8203
203 0.0000 0.7862 0.8117
204 0.0000 0.7908 0.8029
205 0.0000 0.7952 0.7940
206 0.0000 0.7996 0.7848
207 0.0000 0.8039 0.7756
208 0.0000 0.8081 0.7662
209 0.0000 0.8121 0.7568
210 0.0000 0.8161 0.7472
211 0.0000 0.8200 0.7376
212 0.0000 0.8238 0.7279
213 0.0034 0.8276 0.7182
214 0.0963 0.8312 0.7085
215 0.1484 0.8347 0.6988
216 0.1884 0.8381 0.6891
217 0.2225 0.8414 0.6794
218 0.2530 0.8446 0.6698
219 0.2811 0.8478 0.6603
220 0.3075 0.8508 0.6509
221 0.3326 0.8537 0.6415
222 0.3566 0.8565 0.6323
223 0.3798 0.8592 0.6232
224 0.4023 0.8618 0.6143
225 0.4243 0.8643 0.6056
226 0.4458 0.8667 0.5970
227 0.4669 0.8690 0.5887
228 0.4877 0.8712 0.5806
229 0.5081 0.8733 0.5727
230 0.5283 0.8752 0.5651
231 0.5483 0.8771 0.5579
232 0.5681 0.8788 0.5509
233 0.5877 0.8805 0.5442
234 0.6071 0.8820 0.5379
235 0.6264 0.8834 0.5319
236 0.6456 0.8847 0.5263
237 0.6646 0.8859 0.5211
238 0.6835 0.8869 0.5163
239 0.7023 0.8879 0.5119
240 0.7210 0.8887 0.5080
241 0.7396 0.8895 0.5046
242 0.7581 0.8901 0.5016
243 0.7765 0.8906 0.4992
244 0.7948 0.8910 0.4972
245 0.8130 0.8914 0.4957
246 0.8311 0.8916 0.4948
247 0.8490 0.8917 0.4944
248 0.8669 0.8917 0.4946
249 0.8846 0.8916 0.4953
250 0.9023 0.8915 0.4966
251 0.9198 0.8912 0.4985
252 0.9371 0.8909 0.5009
253 0.9543 0.8904 0.5039
254 0.9714 0.8899 0.5075
255 0.9883 0.8894 0.5116
