# gbpCode colour map
#    type      = linear
#    hue       = 180 degrees
#    radius    = 000 degrees
#    chroma    = 050
#    luminance = 000 to 087
  0 0.0000 0.1128 0.0000
  1 0.0000 0.1150 0.0023
  2 0.0000 0.1172 0.0161
  3 0.0000 0.1193 0.0299
  4 0.0000 0.1214 0.0436
  5 0.0000 0.1234 0.0555
  6 0.0000 0.1254 0.0659
  7 0.0000 0.1273 0.0751
  8 0.0000 0.1292 0.0835
  9 0.0000 0.1310 0.0912
 10 0.0000 0.1328 0.0986
 11 0.0000 0.1345 0.1060
 12 0.0000 0.1362 0.1134
 13 0.0000 0.1379 0.1209
 14 0.0000 0.1396 0.1284
 15 0.0000 0.1412 0.1359
 16 0.0000 0.1428 0.1435
 17 0.0000 0.1444 0.1510
 18 0.0000 0.1459 0.1586
 19 0.0000 0.1474 0.1662
 20 0.0000 0.1489 0.1738
 21 0.0000 0.1504 0.1814
 22 0.0000 0.1519 0.1890
 23 0.0000 0.1533 0.1966
 24 0.0000 0.1547 0.2043
 25 0.0000 0.1562 0.2119
 26 0.0000 0.1578 0.2195
 27 0.0000 0.1595 0.2271
 28 0.0000 0.1612 0.2346
 29 0.0000 0.1629 0.2422
 30 0.0000 0.1648 0.2497
 31 0.0000 0.1667 0.2573
 32 0.0000 0.1686 0.2648
 33 0.0000 0.1707 0.2722
 34 0.0000 0.1728 0.2797
 35 0.0000 0.1749 0.2871
 36 0.0000 0.1771 0.2945
 37 0.0000 0.1794 0.3018
 38 0.0000 0.1817 0.3091
 39 0.0000 0.1840 0.3164
 40 0.0000 0.1865 0.3237
 41 0.0000 0.1889 0.3308
 42 0.0000 0.1915 0.3380
 43 0.0000 0.1940 0.3451
 44 0.0000 0.1967 0.3521
 45 0.0000 0.1993 0.3592
 46 0.0000 0.2020 0.3661
 47 0.0000 0.2047 0.3730
 48 0.0000 0.2074 0.3798
 49 0.0000 0.2100 0.3866
 50 0.0000 0.2127 0.3933
 51 0.0000 0.2152 0.4000
 52 0.0000 0.2178 0.4066
 53 0.0000 0.2203 0.4132
 54 0.0000 0.2228 0.4196
 55 0.0000 0.2253 0.4260
 56 0.0000 0.2277 0.4324
 57 0.0000 0.2301 0.4386
 58 0.0000 0.2325 0.4448
 59 0.0000 0.2348 0.4509
 60 0.0000 0.2371 0.4569
 61 0.0000 0.2393 0.4629
 62 0.0000 0.2416 0.4688
 63 0.0000 0.2438 0.4746
 64 0.0000 0.2459 0.4803
 65 0.0000 0.2480 0.4859
 66 0.0000 0.2501 0.4914
 67 0.0000 0.2522 0.4969
 68 0.0000 0.2542 0.5023
 69 0.0000 0.2561 0.5075
 70 0.0000 0.2581 0.5127
 71 0.0000 0.2600 0.5178
 72 0.0000 0.2618 0.5228
 73 0.0000 0.2637 0.5277
 74 0.0000 0.2654 0.5325
 75 0.0000 0.2672 0.5372
 76 0.0000 0.2689 0.5418
 77 0.0000 0.2706 0.5463
 78 0.0000 0.2722 0.5508
 79 0.0000 0.2738 0.5551
 80 0.0000 0.2753 0.5593
 81 0.0000 0.2768 0.5634
 82 0.0000 0.2783 0.5674
 83 0.0000 0.2798 0.5713
 84 0.0000 0.2812 0.5751
 85 0.0000 0.2825 0.5788
 86 0.0000 0.2838 0.5824
 87 0.0000 0.2851 0.5859
 88 0.0000 0.2864 0.5893
 89 0.0000 0.2876 0.5926
 90 0.0000 0.2888 0.5957
 91 0.0000 0.2899 0.5988
 92 0.0259 0.2910 0.6018
 93 0.0720 0.2921 0.6046
 94 0.1037 0.2932 0.6074
 95 0.1292 0.2942 0.6100
 96 0.1512 0.2951 0.6126
 97 0.1711 0.2961 0.6150
 98 0.1893 0.2970 0.6173
 99 0.2064 0.2979 0.6195
100 0.2225 0.2988 0.6216
101 0.2379 0.2996 0.6237
102 0.2526 0.3004 0.6256
103 0.2668 0.3012 0.6274
104 0.2806 0.3019 0.6291
105 0.2939 0.3027 0.6307
106 0.3070 0.3034 0.6321
107 0.3197 0.3041 0.6335
108 0.3321 0.3048 0.6348
109 0.3443 0.3054 0.6360
110 0.3563 0.3061 0.6371
111 0.3680 0.3067 0.6381
112 0.3796 0.3073 0.6389
113 0.3910 0.3079 0.6397
114 0.4022 0.3085 0.6404
115 0.4133 0.3091 0.6410
116 0.4242 0.3097 0.6415
117 0.4349 0.3103 0.6419
118 0.4455 0.3108 0.6422
119 0.4560 0.3114 0.6424
120 0.4664 0.3120 0.6425
121 0.4767 0.3126 0.6425
122 0.4868 0.3132 0.6425
123 0.4968 0.3138 0.6423
124 0.5067 0.3144 0.6421
125 0.5165 0.3150 0.6417
126 0.5262 0.3157 0.6413
127 0.5357 0.3164 0.6408
128 0.5452 0.3170 0.6402
129 0.5546 0.3178 0.6396
130 0.5638 0.3185 0.6388
131 0.5730 0.3193 0.6380
132 0.5821 0.3200 0.6371
133 0.5910 0.3209 0.6361
134 0.5999 0.3217 0.6351
135 0.6087 0.3226 0.6339
136 0.6174 0.3236 0.6327
137 0.6259 0.3246 0.6315
138 0.6344 0.3256 0.6301
139 0.6428 0.3267 0.6287
140 0.6511 0.3278 0.6272
141 0.6593 0.3290 0.6257
142 0.6674 0.3302 0.6241
143 0.6754 0.3315 0.6225
144 0.6833 0.3329 0.6207
145 0.6911 0.3343 0.6190
146 0.6988 0.3358 0.6171
147 0.7064 0.3373 0.6152
148 0.7139 0.3389 0.6133
149 0.7213 0.3406 0.6113
150 0.7286 0.3424 0.6092
151 0.7358 0.3442 0.6072
152 0.7429 0.3461 0.6050
153 0.7500 0.3481 0.6028
154 0.7569 0.3501 0.6006
155 0.7637 0.3522 0.5983
156 0.7704 0.3545 0.5960
157 0.7770 0.3567 0.5937
158 0.7836 0.3591 0.5913
159 0.7900 0.3616 0.5889
160 0.7963 0.3641 0.5864
161 0.8025 0.3667 0.5840
162 0.8086 0.3694 0.5815
163 0.8147 0.3722 0.5789
164 0.8206 0.3751 0.5764
165 0.8264 0.3780 0.5738
166 0.8321 0.3810 0.5712
167 0.8377 0.3842 0.5685
168 0.8432 0.3874 0.5659
169 0.8486 0.3907 0.5632
170 0.8539 0.3940 0.5606
171 0.8591 0.3975 0.5579
172 0.8642 0.4010 0.5552
173 0.8692 0.4046 0.5525
174 0.8741 0.4083 0.5497
175 0.8789 0.4121 0.5470
176 0.8836 0.4159 0.5443
177 0.8882 0.4199 0.5415
178 0.8926 0.4239 0.5388
179 0.8970 0.4279 0.5361
180 0.9013 0.4321 0.5333
181 0.9055 0.4363 0.5306
182 0.9095 0.4406 0.5279
183 0.9135 0.4450 0.5252
184 0.9173 0.4494 0.5225
185 0.9211 0.4539 0.5198
186 0.9248 0.4585 0.5171
187 0.9283 0.4631 0.5144
188 0.9318 0.4678 0.5118
189 0.9351 0.4726 0.5092
190 0.9384 0.4774 0.5066
191 0.9415 0.4823 0.5040
192 0.9445 0.4872 0.5014
193 0.9475 0.4922 0.4989
194 0.9503 0.4972 0.4964
195 0.9531 0.5023 0.4939
196 0.9557 0.5075 0.4915
197 0.9582 0.5127 0.4890
198 0.9607 0.5179 0.4867
199 0.9630 0.5232 0.4843
200 0.9653 0.5285 0.4820
201 0.9674 0.5339 0.4798
202 0.9695 0.5393 0.4776
203 0.9714 0.5448 0.4754
204 0.9733 0.5503 0.4733
205 0.9750 0.5558 0.4712
206 0.9767 0.5614 0.4692
207 0.9782 0.5670 0.4672
208 0.9797 0.5727 0.4653
209 0.9811 0.5784 0.4634
210 0.9823 0.5841 0.4616
211 0.9835 0.5898 0.4599
212 0.9846 0.5956 0.4582
213 0.9856 0.6014 0.4566
214 0.9865 0.6072 0.4551
215 0.9873 0.6130 0.4536
216 0.9880 0.6189 0.4522
217 0.9887 0.6248 0.4509
218 0.9892 0.6307 0.4497
219 0.9896 0.6366 0.4485
220 0.9900 0.6426 0.4475
221 0.9903 0.6485 0.4465
222 0.9905 0.6545 0.4456
223 0.9906 0.6605 0.4448
224 0.9906 0.6665 0.4441
225 0.9905 0.6726 0.4435
226 0.9904 0.6786 0.4429
227 0.9901 0.6846 0.4425
228 0.9898 0.6907 0.4422
229 0.9894 0.6968 0.4420
230 0.9889 0.7028 0.4418
231 0.9883 0.7089 0.4418
232 0.9877 0.7150 0.4420
233 0.9870 0.7211 0.4422
234 0.9862 0.7272 0.4425
235 0.9853 0.7333 0.4430
236 0.9843 0.7395 0.4435
237 0.9833 0.7456 0.4442
238 0.9822 0.7517 0.4450
239 0.9810 0.7578 0.4460
240 0.9797 0.7639 0.4471
241 0.9784 0.7700 0.4483
242 0.9770 0.7762 0.4496
243 0.9755 0.7823 0.4511
244 0.9740 0.7884 0.4527
245 0.9724 0.7945 0.4544
246 0.9707 0.8006 0.4563
247 0.9689 0.8067 0.4583
248 0.9671 0.8128 0.4604
249 0.9652 0.8189 0.4627
250 0.9633 0.8250 0.4652
251 0.9612 0.8311 0.4677
252 0.9592 0.8372 0.4705
253 0.9570 0.8432 0.4733
254 0.9548 0.8493 0.4763
255 0.9526 0.8553 0.4795
