# gbpCode colour map
#    type      = blue
#    hue       = 000 degrees
#    radius    = 000 degrees
#    chroma    = 000
#    luminance = 000 to 100
  0 0.0000 0.0000 0.0000
  1 0.0000 0.0000 0.0039
  2 0.0000 0.0000 0.0078
  3 0.0000 0.0000 0.0118
  4 0.0000 0.0000 0.0157
  5 0.0000 0.0000 0.0196
  6 0.0000 0.0000 0.0235
  7 0.0000 0.0000 0.0275
  8 0.0000 0.0000 0.0314
  9 0.0000 0.0000 0.0353
 10 0.0000 0.0000 0.0392
 11 0.0000 0.0000 0.0431
 12 0.0000 0.0000 0.0471
 13 0.0000 0.0000 0.0510
 14 0.0000 0.0000 0.0549
 15 0.0000 0.0000 0.0588
 16 0.0000 0.0000 0.0627
 17 0.0000 0.0000 0.0667
 18 0.0000 0.0000 0.0706
 19 0.0000 0.0000 0.0745
 20 0.0000 0.0000 0.0784
 21 0.0000 0.0000 0.0824
 22 0.0000 0.0000 0.0863
 23 0.0000 0.0000 0.0902
 24 0.0000 0.0000 0.0941
 25 0.0000 0.0000 0.0980
 26 0.0000 0.0000 0.1020
 27 0.0000 0.0000 0.1059
 28 0.0000 0.0000 0.1098
 29 0.0000 0.0000 0.1137
 30 0.0000 0.0000 0.1176
 31 0.0000 0.0000 0.1216
 32 0.0000 0.0000 0.1255
 33 0.0000 0.0000 0.1294
 34 0.0000 0.0000 0.1333
 35 0.0000 0.0000 0.1373
 36 0.0000 0.0000 0.1412
 37 0.0000 0.0000 0.1451
 38 0.0000 0.0000 0.1490
 39 0.0000 0.0000 0.1529
 40 0.0000 0.0000 0.1569
 41 0.0000 0.0000 0.1608
 42 0.0000 0.0000 0.1647
 43 0.0000 0.0000 0.1686
 44 0.0000 0.0000 0.1725
 45 0.0000 0.0000 0.1765
 46 0.0000 0.0000 0.1804
 47 0.0000 0.0000 0.1843
 48 0.0000 0.0000 0.1882
 49 0.0000 0.0000 0.1922
 50 0.0000 0.0000 0.1961
 51 0.0000 0.0000 0.2000
 52 0.0000 0.0000 0.2039
 53 0.0000 0.0000 0.2078
 54 0.0000 0.0000 0.2118
 55 0.0000 0.0000 0.2157
 56 0.0000 0.0000 0.2196
 57 0.0000 0.0000 0.2235
 58 0.0000 0.0000 0.2275
 59 0.0000 0.0000 0.2314
 60 0.0000 0.0000 0.2353
 61 0.0000 0.0000 0.2392
 62 0.0000 0.0000 0.2431
 63 0.0000 0.0000 0.2471
 64 0.0000 0.0000 0.2510
 65 0.0000 0.0000 0.2549
 66 0.0000 0.0000 0.2588
 67 0.0000 0.0000 0.2627
 68 0.0000 0.0000 0.2667
 69 0.0000 0.0000 0.2706
 70 0.0000 0.0000 0.2745
 71 0.0000 0.0000 0.2784
 72 0.0000 0.0000 0.2824
 73 0.0000 0.0000 0.2863
 74 0.0000 0.0000 0.2902
 75 0.0000 0.0000 0.2941
 76 0.0000 0.0000 0.2980
 77 0.0000 0.0000 0.3020
 78 0.0000 0.0000 0.3059
 79 0.0000 0.0000 0.3098
 80 0.0000 0.0000 0.3137
 81 0.0000 0.0000 0.3176
 82 0.0000 0.0000 0.3216
 83 0.0000 0.0000 0.3255
 84 0.0000 0.0000 0.3294
 85 0.0000 0.0000 0.3333
 86 0.0000 0.0000 0.3373
 87 0.0000 0.0000 0.3412
 88 0.0000 0.0000 0.3451
 89 0.0000 0.0000 0.3490
 90 0.0000 0.0000 0.3529
 91 0.0000 0.0000 0.3569
 92 0.0000 0.0000 0.3608
 93 0.0000 0.0000 0.3647
 94 0.0000 0.0000 0.3686
 95 0.0000 0.0000 0.3725
 96 0.0000 0.0000 0.3765
 97 0.0000 0.0000 0.3804
 98 0.0000 0.0000 0.3843
 99 0.0000 0.0000 0.3882
100 0.0000 0.0000 0.3922
101 0.0000 0.0000 0.3961
102 0.0000 0.0000 0.4000
103 0.0000 0.0000 0.4039
104 0.0000 0.0000 0.4078
105 0.0000 0.0000 0.4118
106 0.0000 0.0000 0.4157
107 0.0000 0.0000 0.4196
108 0.0000 0.0000 0.4235
109 0.0000 0.0000 0.4275
110 0.0000 0.0000 0.4314
111 0.0000 0.0000 0.4353
112 0.0000 0.0000 0.4392
113 0.0000 0.0000 0.4431
114 0.0000 0.0000 0.4471
115 0.0000 0.0000 0.4510
116 0.0000 0.0000 0.4549
117 0.0000 0.0000 0.4588
118 0.0000 0.0000 0.4627
119 0.0000 0.0000 0.4667
120 0.0000 0.0000 0.4706
121 0.0000 0.0000 0.4745
122 0.0000 0.0000 0.4784
123 0.0000 0.0000 0.4824
124 0.0000 0.0000 0.4863
125 0.0000 0.0000 0.4902
126 0.0000 0.0000 0.4941
127 0.0000 0.0000 0.4980
128 0.0000 0.0000 0.5020
129 0.0000 0.0000 0.5059
130 0.0000 0.0000 0.5098
131 0.0000 0.0000 0.5137
132 0.0000 0.0000 0.5176
133 0.0000 0.0000 0.5216
134 0.0000 0.0000 0.5255
135 0.0000 0.0000 0.5294
136 0.0000 0.0000 0.5333
137 0.0000 0.0000 0.5373
138 0.0000 0.0000 0.5412
139 0.0000 0.0000 0.5451
140 0.0000 0.0000 0.5490
141 0.0000 0.0000 0.5529
142 0.0000 0.0000 0.5569
143 0.0000 0.0000 0.5608
144 0.0000 0.0000 0.5647
145 0.0000 0.0000 0.5686
146 0.0000 0.0000 0.5725
147 0.0000 0.0000 0.5765
148 0.0000 0.0000 0.5804
149 0.0000 0.0000 0.5843
150 0.0000 0.0000 0.5882
151 0.0000 0.0000 0.5922
152 0.0000 0.0000 0.5961
153 0.0000 0.0000 0.6000
154 0.0000 0.0000 0.6039
155 0.0000 0.0000 0.6078
156 0.0000 0.0000 0.6118
157 0.0000 0.0000 0.6157
158 0.0000 0.0000 0.6196
159 0.0000 0.0000 0.6235
160 0.0000 0.0000 0.6275
161 0.0000 0.0000 0.6314
162 0.0000 0.0000 0.6353
163 0.0000 0.0000 0.6392
164 0.0000 0.0000 0.6431
165 0.0000 0.0000 0.6471
166 0.0000 0.0000 0.6510
167 0.0000 0.0000 0.6549
168 0.0000 0.0000 0.6588
169 0.0000 0.0000 0.6627
170 0.0000 0.0000 0.6667
171 0.0000 0.0000 0.6706
172 0.0000 0.0000 0.6745
173 0.0000 0.0000 0.6784
174 0.0000 0.0000 0.6824
175 0.0000 0.0000 0.6863
176 0.0000 0.0000 0.6902
177 0.0000 0.0000 0.6941
178 0.0000 0.0000 0.6980
179 0.0000 0.0000 0.7020
180 0.0000 0.0000 0.7059
181 0.0000 0.0000 0.7098
182 0.0000 0.0000 0.7137
183 0.0000 0.0000 0.7176
184 0.0000 0.0000 0.7216
185 0.0000 0.0000 0.7255
186 0.0000 0.0000 0.7294
187 0.0000 0.0000 0.7333
188 0.0000 0.0000 0.7373
189 0.0000 0.0000 0.7412
190 0.0000 0.0000 0.7451
191 0.0000 0.0000 0.7490
192 0.0000 0.0000 0.7529
193 0.0000 0.0000 0.7569
194 0.0000 0.0000 0.7608
195 0.0000 0.0000 0.7647
196 0.0000 0.0000 0.7686
197 0.0000 0.0000 0.7725
198 0.0000 0.0000 0.7765
199 0.0000 0.0000 0.7804
200 0.0000 0.0000 0.7843
201 0.0000 0.0000 0.7882
202 0.0000 0.0000 0.7922
203 0.0000 0.0000 0.7961
204 0.0000 0.0000 0.8000
205 0.0000 0.0000 0.8039
206 0.0000 0.0000 0.8078
207 0.0000 0.0000 0.8118
208 0.0000 0.0000 0.8157
209 0.0000 0.0000 0.8196
210 0.0000 0.0000 0.8235
211 0.0000 0.0000 0.8275
212 0.0000 0.0000 0.8314
213 0.0000 0.0000 0.8353
214 0.0000 0.0000 0.8392
215 0.0000 0.0000 0.8431
216 0.0000 0.0000 0.8471
217 0.0000 0.0000 0.8510
218 0.0000 0.0000 0.8549
219 0.0000 0.0000 0.8588
220 0.0000 0.0000 0.8627
221 0.0000 0.0000 0.8667
222 0.0000 0.0000 0.8706
223 0.0000 0.0000 0.8745
224 0.0000 0.0000 0.8784
225 0.0000 0.0000 0.8824
226 0.0000 0.0000 0.8863
227 0.0000 0.0000 0.8902
228 0.0000 0.0000 0.8941
229 0.0000 0.0000 0.8980
230 0.0000 0.0000 0.9020
231 0.0000 0.0000 0.9059
232 0.0000 0.0000 0.9098
233 0.0000 0.0000 0.9137
234 0.0000 0.0000 0.9176
235 0.0000 0.0000 0.9216
236 0.0000 0.0000 0.9255
237 0.0000 0.0000 0.9294
238 0.0000 0.0000 0.9333
239 0.0000 0.0000 0.9373
240 0.0000 0.0000 0.9412
241 0.0000 0.0000 0.9451
242 0.0000 0.0000 0.9490
243 0.0000 0.0000 0.9529
244 0.0000 0.0000 0.9569
245 0.0000 0.0000 0.9608
246 0.0000 0.0000 0.9647
247 0.0000 0.0000 0.9686
248 0.0000 0.0000 0.9725
249 0.0000 0.0000 0.9765
250 0.0000 0.0000 0.9804
251 0.0000 0.0000 0.9843
252 0.0000 0.0000 0.9882
253 0.0000 0.0000 0.9922
254 0.0000 0.0000 0.9961
255 0.0000 0.0000 1.0000
