# gbpCode colour map
#    type      = linear
#    hue       = 240 degrees
#    radius    = 000 degrees
#    chroma    = 050
#    luminance = 000 to 091
  0 0.0000 0.0807 0.2508
  1 0.0000 0.0827 0.2565
  2 0.0000 0.0845 0.2622
  3 0.0000 0.0864 0.2678
  4 0.0000 0.0881 0.2734
  5 0.0000 0.0899 0.2789
  6 0.0000 0.0916 0.2843
  7 0.0000 0.0933 0.2897
  8 0.0000 0.0949 0.2950
  9 0.0000 0.0965 0.3002
 10 0.0000 0.0981 0.3054
 11 0.0000 0.0997 0.3105
 12 0.0000 0.1012 0.3155
 13 0.0000 0.1027 0.3205
 14 0.0000 0.1042 0.3253
 15 0.0000 0.1056 0.3301
 16 0.0000 0.1070 0.3348
 17 0.0000 0.1084 0.3395
 18 0.0000 0.1098 0.3440
 19 0.0000 0.1112 0.3485
 20 0.0000 0.1125 0.3528
 21 0.0000 0.1138 0.3571
 22 0.0000 0.1151 0.3613
 23 0.0000 0.1164 0.3654
 24 0.0000 0.1179 0.3694
 25 0.0000 0.1194 0.3733
 26 0.0000 0.1208 0.3772
 27 0.0000 0.1223 0.3809
 28 0.0000 0.1237 0.3846
 29 0.0000 0.1250 0.3881
 30 0.0000 0.1262 0.3916
 31 0.0000 0.1275 0.3949
 32 0.0000 0.1286 0.3982
 33 0.0000 0.1298 0.4013
 34 0.0000 0.1308 0.4044
 35 0.0000 0.1318 0.4074
 36 0.0000 0.1328 0.4103
 37 0.0000 0.1337 0.4130
 38 0.0000 0.1346 0.4157
 39 0.0000 0.1354 0.4183
 40 0.0000 0.1361 0.4208
 41 0.0000 0.1369 0.4232
 42 0.0000 0.1375 0.4255
 43 0.0000 0.1381 0.4277
 44 0.0000 0.1387 0.4298
 45 0.0000 0.1392 0.4318
 46 0.0076 0.1397 0.4337
 47 0.0418 0.1401 0.4355
 48 0.0702 0.1405 0.4372
 49 0.0925 0.1409 0.4389
 50 0.1116 0.1412 0.4404
 51 0.1286 0.1414 0.4418
 52 0.1443 0.1417 0.4432
 53 0.1589 0.1419 0.4444
 54 0.1726 0.1420 0.4455
 55 0.1857 0.1421 0.4466
 56 0.1983 0.1422 0.4476
 57 0.2104 0.1423 0.4485
 58 0.2222 0.1423 0.4492
 59 0.2336 0.1423 0.4499
 60 0.2447 0.1423 0.4505
 61 0.2556 0.1423 0.4511
 62 0.2662 0.1422 0.4515
 63 0.2766 0.1422 0.4519
 64 0.2868 0.1421 0.4521
 65 0.2968 0.1420 0.4523
 66 0.3067 0.1419 0.4524
 67 0.3164 0.1418 0.4524
 68 0.3259 0.1417 0.4523
 69 0.3353 0.1417 0.4522
 70 0.3446 0.1416 0.4520
 71 0.3538 0.1415 0.4517
 72 0.3628 0.1415 0.4513
 73 0.3717 0.1414 0.4508
 74 0.3805 0.1414 0.4503
 75 0.3892 0.1415 0.4497
 76 0.3978 0.1415 0.4490
 77 0.4063 0.1416 0.4483
 78 0.4147 0.1418 0.4475
 79 0.4230 0.1420 0.4466
 80 0.4312 0.1422 0.4457
 81 0.4392 0.1425 0.4447
 82 0.4472 0.1429 0.4436
 83 0.4551 0.1434 0.4425
 84 0.4629 0.1439 0.4413
 85 0.4707 0.1445 0.4400
 86 0.4783 0.1451 0.4387
 87 0.4858 0.1459 0.4373
 88 0.4933 0.1467 0.4359
 89 0.5006 0.1477 0.4344
 90 0.5079 0.1487 0.4329
 91 0.5150 0.1499 0.4313
 92 0.5221 0.1511 0.4297
 93 0.5291 0.1525 0.4280
 94 0.5360 0.1539 0.4263
 95 0.5428 0.1555 0.4246
 96 0.5495 0.1572 0.4228
 97 0.5562 0.1590 0.4209
 98 0.5627 0.1609 0.4190
 99 0.5692 0.1630 0.4171
100 0.5755 0.1651 0.4151
101 0.5818 0.1674 0.4132
102 0.5880 0.1698 0.4111
103 0.5941 0.1723 0.4091
104 0.6001 0.1750 0.4070
105 0.6060 0.1777 0.4049
106 0.6118 0.1806 0.4027
107 0.6175 0.1836 0.4005
108 0.6231 0.1867 0.3983
109 0.6287 0.1899 0.3961
110 0.6341 0.1932 0.3939
111 0.6395 0.1966 0.3916
112 0.6447 0.2002 0.3893
113 0.6499 0.2038 0.3870
114 0.6550 0.2076 0.3847
115 0.6600 0.2114 0.3824
116 0.6649 0.2153 0.3801
117 0.6697 0.2194 0.3777
118 0.6744 0.2235 0.3753
119 0.6790 0.2277 0.3730
120 0.6835 0.2320 0.3706
121 0.6880 0.2363 0.3682
122 0.6923 0.2408 0.3658
123 0.6965 0.2453 0.3634
124 0.7007 0.2499 0.3611
125 0.7048 0.2546 0.3587
126 0.7087 0.2593 0.3563
127 0.7126 0.2641 0.3539
128 0.7164 0.2690 0.3515
129 0.7201 0.2740 0.3492
130 0.7237 0.2790 0.3468
131 0.7272 0.2840 0.3444
132 0.7306 0.2891 0.3421
133 0.7339 0.2943 0.3398
134 0.7371 0.2995 0.3374
135 0.7402 0.3048 0.3351
136 0.7433 0.3101 0.3328
137 0.7462 0.3155 0.3306
138 0.7491 0.3209 0.3283
139 0.7518 0.3263 0.3261
140 0.7545 0.3318 0.3239
141 0.7571 0.3373 0.3217
142 0.7596 0.3429 0.3196
143 0.7620 0.3485 0.3174
144 0.7643 0.3541 0.3153
145 0.7665 0.3598 0.3133
146 0.7687 0.3655 0.3112
147 0.7707 0.3712 0.3092
148 0.7727 0.3770 0.3073
149 0.7745 0.3827 0.3054
150 0.7763 0.3885 0.3035
151 0.7780 0.3944 0.3016
152 0.7796 0.4002 0.2999
153 0.7811 0.4061 0.2981
154 0.7825 0.4120 0.2964
155 0.7839 0.4179 0.2948
156 0.7851 0.4238 0.2932
157 0.7863 0.4297 0.2917
158 0.7874 0.4357 0.2902
159 0.7884 0.4417 0.2888
160 0.7893 0.4477 0.2874
161 0.7901 0.4537 0.2861
162 0.7909 0.4597 0.2849
163 0.7915 0.4657 0.2838
164 0.7921 0.4717 0.2827
165 0.7926 0.4777 0.2818
166 0.7931 0.4838 0.2809
167 0.7934 0.4898 0.2800
168 0.7937 0.4959 0.2793
169 0.7939 0.5020 0.2787
170 0.7940 0.5080 0.2781
171 0.7940 0.5141 0.2777
172 0.7939 0.5202 0.2773
173 0.7938 0.5263 0.2770
174 0.7936 0.5324 0.2769
175 0.7933 0.5384 0.2769
176 0.7930 0.5445 0.2769
177 0.7926 0.5506 0.2771
178 0.7921 0.5567 0.2774
179 0.7915 0.5628 0.2778
180 0.7908 0.5689 0.2784
181 0.7901 0.5750 0.2790
182 0.7893 0.5810 0.2798
183 0.7885 0.5871 0.2808
184 0.7875 0.5932 0.2818
185 0.7865 0.5992 0.2830
186 0.7855 0.6053 0.2843
187 0.7843 0.6114 0.2858
188 0.7831 0.6174 0.2874
189 0.7819 0.6235 0.2892
190 0.7805 0.6295 0.2911
191 0.7791 0.6355 0.2931
192 0.7776 0.6416 0.2953
193 0.7761 0.6476 0.2977
194 0.7745 0.6536 0.3001
195 0.7729 0.6596 0.3028
196 0.7711 0.6656 0.3056
197 0.7693 0.6716 0.3085
198 0.7675 0.6775 0.3116
199 0.7656 0.6835 0.3148
200 0.7636 0.6894 0.3182
201 0.7616 0.6954 0.3218
202 0.7595 0.7013 0.3255
203 0.7574 0.7072 0.3293
204 0.7552 0.7131 0.3333
205 0.7529 0.7190 0.3375
206 0.7506 0.7249 0.3418
207 0.7482 0.7308 0.3462
208 0.7458 0.7367 0.3508
209 0.7433 0.7425 0.3556
210 0.7408 0.7484 0.3605
211 0.7382 0.7542 0.3655
212 0.7356 0.7600 0.3707
213 0.7329 0.7658 0.3760
214 0.7302 0.7716 0.3815
215 0.7274 0.7773 0.3871
216 0.7245 0.7831 0.3928
217 0.7217 0.7888 0.3987
218 0.7187 0.7945 0.4047
219 0.7157 0.8002 0.4109
220 0.7127 0.8059 0.4172
221 0.7096 0.8116 0.4236
222 0.7065 0.8173 0.4301
223 0.7033 0.8229 0.4368
224 0.7001 0.8286 0.4436
225 0.6969 0.8342 0.4506
226 0.6936 0.8398 0.4576
227 0.6902 0.8454 0.4648
228 0.6869 0.8509 0.4721
229 0.6834 0.8565 0.4795
230 0.6800 0.8620 0.4870
231 0.6765 0.8675 0.4947
232 0.6729 0.8730 0.5025
233 0.6694 0.8785 0.5103
234 0.6657 0.8840 0.5183
235 0.6621 0.8894 0.5264
236 0.6584 0.8948 0.5346
237 0.6547 0.9002 0.5430
238 0.6510 0.9056 0.5514
239 0.6472 0.9110 0.5599
240 0.6434 0.9164 0.5685
241 0.6395 0.9217 0.5773
242 0.6357 0.9270 0.5861
243 0.6318 0.9323 0.5950
244 0.6279 0.9376 0.6040
245 0.6240 0.9429 0.6131
246 0.6200 0.9481 0.6223
247 0.6160 0.9533 0.6316
248 0.6120 0.9585 0.6410
249 0.6080 0.9637 0.6505
250 0.6040 0.9689 0.6600
251 0.6000 0.9740 0.6697
252 0.5960 0.9791 0.6794
253 0.5919 0.9842 0.6892
254 0.5879 0.9893 0.6991
255 0.5838 0.9944 0.7090
