# gbpCode colour map
#    type      = linear
#    hue       = 120 degrees
#    radius    = -01 degrees
#    chroma    = 050
#    luminance = 000 to 071
  0 0.0000 0.0638 0.0000
  1 0.0000 0.0629 0.0000
  2 0.0000 0.0619 0.0000
  3 0.0000 0.0608 0.0000
  4 0.0000 0.0597 0.0000
  5 0.0118 0.0584 0.0000
  6 0.0353 0.0572 0.0000
  7 0.0566 0.0559 0.0000
  8 0.0733 0.0545 0.0000
  9 0.0874 0.0530 0.0000
 10 0.0998 0.0516 0.0000
 11 0.1108 0.0500 0.0000
 12 0.1208 0.0485 0.0000
 13 0.1301 0.0469 0.0000
 14 0.1386 0.0452 0.0000
 15 0.1466 0.0436 0.0000
 16 0.1540 0.0419 0.0000
 17 0.1611 0.0402 0.0000
 18 0.1677 0.0385 0.0000
 19 0.1740 0.0369 0.0000
 20 0.1799 0.0353 0.0000
 21 0.1859 0.0334 0.0000
 22 0.1919 0.0311 0.0000
 23 0.1982 0.0282 0.0000
 24 0.2045 0.0249 0.0000
 25 0.2110 0.0211 0.0000
 26 0.2175 0.0169 0.0000
 27 0.2242 0.0122 0.0000
 28 0.2308 0.0070 0.0000
 29 0.2375 0.0015 0.0000
 30 0.2442 0.0000 0.0000
 31 0.2509 0.0000 0.0000
 32 0.2575 0.0000 0.0000
 33 0.2640 0.0000 0.0000
 34 0.2705 0.0000 0.0000
 35 0.2770 0.0000 0.0000
 36 0.2833 0.0000 0.0000
 37 0.2895 0.0000 0.0000
 38 0.2956 0.0000 0.0000
 39 0.3016 0.0000 0.0000
 40 0.3075 0.0000 0.0000
 41 0.3132 0.0000 0.0000
 42 0.3188 0.0000 0.0000
 43 0.3242 0.0000 0.0000
 44 0.3294 0.0000 0.0000
 45 0.3345 0.0000 0.0000
 46 0.3394 0.0000 0.0185
 47 0.3441 0.0000 0.0396
 48 0.3486 0.0000 0.0581
 49 0.3529 0.0000 0.0732
 50 0.3569 0.0000 0.0863
 51 0.3608 0.0000 0.0979
 52 0.3644 0.0000 0.1092
 53 0.3676 0.0000 0.1206
 54 0.3705 0.0000 0.1322
 55 0.3730 0.0000 0.1439
 56 0.3751 0.0000 0.1557
 57 0.3769 0.0000 0.1676
 58 0.3783 0.0000 0.1796
 59 0.3793 0.0000 0.1917
 60 0.3799 0.0000 0.2039
 61 0.3801 0.0000 0.2161
 62 0.3799 0.0000 0.2284
 63 0.3793 0.0000 0.2406
 64 0.3783 0.0000 0.2529
 65 0.3768 0.0000 0.2652
 66 0.3749 0.0000 0.2774
 67 0.3725 0.0000 0.2896
 68 0.3697 0.0000 0.3017
 69 0.3664 0.0000 0.3137
 70 0.3626 0.0000 0.3257
 71 0.3584 0.0067 0.3375
 72 0.3537 0.0233 0.3492
 73 0.3485 0.0409 0.3608
 74 0.3428 0.0571 0.3721
 75 0.3365 0.0711 0.3833
 76 0.3298 0.0838 0.3943
 77 0.3224 0.0955 0.4051
 78 0.3146 0.1065 0.4157
 79 0.3061 0.1169 0.4260
 80 0.2970 0.1268 0.4361
 81 0.2872 0.1363 0.4459
 82 0.2767 0.1454 0.4554
 83 0.2655 0.1543 0.4646
 84 0.2535 0.1628 0.4735
 85 0.2405 0.1711 0.4821
 86 0.2265 0.1792 0.4903
 87 0.2113 0.1871 0.4982
 88 0.1947 0.1947 0.5057
 89 0.1764 0.2022 0.5129
 90 0.1557 0.2095 0.5197
 91 0.1318 0.2166 0.5261
 92 0.1029 0.2235 0.5321
 93 0.0640 0.2303 0.5377
 94 0.0028 0.2370 0.5429
 95 0.0000 0.2435 0.5477
 96 0.0000 0.2498 0.5520
 97 0.0000 0.2561 0.5560
 98 0.0000 0.2622 0.5595
 99 0.0000 0.2681 0.5626
100 0.0000 0.2740 0.5652
101 0.0000 0.2797 0.5675
102 0.0000 0.2853 0.5693
103 0.0000 0.2908 0.5706
104 0.0000 0.2962 0.5716
105 0.0000 0.3014 0.5721
106 0.0000 0.3066 0.5722
107 0.0000 0.3116 0.5718
108 0.0000 0.3166 0.5711
109 0.0000 0.3215 0.5699
110 0.0000 0.3262 0.5683
111 0.0000 0.3309 0.5663
112 0.0000 0.3355 0.5639
113 0.0000 0.3400 0.5611
114 0.0000 0.3444 0.5579
115 0.0000 0.3487 0.5544
116 0.0000 0.3530 0.5504
117 0.0000 0.3572 0.5461
118 0.0000 0.3613 0.5415
119 0.0000 0.3653 0.5365
120 0.0000 0.3693 0.5312
121 0.0000 0.3731 0.5256
122 0.0000 0.3770 0.5197
123 0.0000 0.3807 0.5135
124 0.0000 0.3844 0.5070
125 0.0000 0.3880 0.5002
126 0.0000 0.3916 0.4932
127 0.0000 0.3951 0.4859
128 0.0000 0.3986 0.4784
129 0.0000 0.4019 0.4707
130 0.0000 0.4053 0.4628
131 0.0000 0.4085 0.4546
132 0.0000 0.4117 0.4463
133 0.0000 0.4149 0.4379
134 0.0000 0.4180 0.4293
135 0.0000 0.4210 0.4205
136 0.0000 0.4240 0.4116
137 0.0000 0.4270 0.4026
138 0.0000 0.4298 0.3935
139 0.0000 0.4326 0.3843
140 0.0000 0.4354 0.3751
141 0.0000 0.4381 0.3658
142 0.0000 0.4407 0.3564
143 0.0000 0.4433 0.3470
144 0.0000 0.4458 0.3376
145 0.0000 0.4483 0.3281
146 0.0000 0.4507 0.3187
147 0.0000 0.4530 0.3092
148 0.0000 0.4552 0.2998
149 0.0000 0.4574 0.2904
150 0.0000 0.4595 0.2810
151 0.0000 0.4616 0.2717
152 0.0000 0.4635 0.2624
153 0.0000 0.4654 0.2532
154 0.0000 0.4672 0.2441
155 0.0000 0.4690 0.2351
156 0.0000 0.4706 0.2261
157 0.0000 0.4722 0.2173
158 0.0483 0.4736 0.2085
159 0.0963 0.4750 0.1999
160 0.1304 0.4763 0.1914
161 0.1586 0.4775 0.1831
162 0.1834 0.4786 0.1749
163 0.2060 0.4796 0.1669
164 0.2270 0.4805 0.1591
165 0.2469 0.4813 0.1515
166 0.2658 0.4820 0.1442
167 0.2840 0.4826 0.1371
168 0.3017 0.4831 0.1303
169 0.3188 0.4835 0.1239
170 0.3356 0.4838 0.1179
171 0.3520 0.4840 0.1123
172 0.3681 0.4840 0.1073
173 0.3840 0.4840 0.1028
174 0.3996 0.4838 0.0989
175 0.4150 0.4836 0.0957
176 0.4302 0.4832 0.0933
177 0.4453 0.4827 0.0917
178 0.4602 0.4821 0.0909
179 0.4749 0.4813 0.0911
180 0.4895 0.4805 0.0921
181 0.5039 0.4796 0.0940
182 0.5182 0.4785 0.0968
183 0.5323 0.4774 0.1004
184 0.5463 0.4762 0.1048
185 0.5601 0.4748 0.1099
186 0.5738 0.4734 0.1156
187 0.5873 0.4718 0.1219
188 0.6007 0.4702 0.1288
189 0.6139 0.4685 0.1362
190 0.6269 0.4668 0.1441
191 0.6398 0.4649 0.1523
192 0.6524 0.4630 0.1610
193 0.6649 0.4611 0.1700
194 0.6772 0.4591 0.1793
195 0.6893 0.4571 0.1890
196 0.7011 0.4550 0.1990
197 0.7127 0.4529 0.2092
198 0.7241 0.4508 0.2198
199 0.7353 0.4487 0.2306
200 0.7461 0.4466 0.2416
201 0.7568 0.4446 0.2530
202 0.7671 0.4426 0.2645
203 0.7772 0.4406 0.2763
204 0.7870 0.4388 0.2884
205 0.7965 0.4370 0.3007
206 0.8057 0.4352 0.3132
207 0.8145 0.4337 0.3259
208 0.8230 0.4322 0.3389
209 0.8312 0.4309 0.3520
210 0.8391 0.4297 0.3654
211 0.8466 0.4287 0.3790
212 0.8537 0.4279 0.3927
213 0.8604 0.4273 0.4067
214 0.8668 0.4270 0.4208
215 0.8728 0.4268 0.4351
216 0.8783 0.4269 0.4495
217 0.8835 0.4273 0.4641
218 0.8883 0.4279 0.4789
219 0.8926 0.4289 0.4938
220 0.8965 0.4301 0.5088
221 0.9000 0.4316 0.5239
222 0.9030 0.4334 0.5391
223 0.9056 0.4355 0.5544
224 0.9077 0.4380 0.5697
225 0.9094 0.4407 0.5851
226 0.9106 0.4438 0.6006
227 0.9113 0.4471 0.6161
228 0.9116 0.4508 0.6316
229 0.9114 0.4548 0.6471
230 0.9107 0.4590 0.6625
231 0.9096 0.4636 0.6780
232 0.9079 0.4684 0.6934
233 0.9058 0.4735 0.7087
234 0.9032 0.4789 0.7240
235 0.9001 0.4845 0.7391
236 0.8965 0.4904 0.7542
237 0.8924 0.4964 0.7691
238 0.8879 0.5027 0.7839
239 0.8828 0.5092 0.7985
240 0.8773 0.5159 0.8129
241 0.8713 0.5227 0.8271
242 0.8648 0.5297 0.8411
243 0.8578 0.5369 0.8549
244 0.8504 0.5441 0.8685
245 0.8424 0.5515 0.8817
246 0.8341 0.5590 0.8947
247 0.8252 0.5666 0.9074
248 0.8159 0.5743 0.9198
249 0.8061 0.5820 0.9319
250 0.7959 0.5898 0.9437
251 0.7852 0.5976 0.9551
252 0.7741 0.6055 0.9661
253 0.7625 0.6134 0.9768
254 0.7506 0.6213 0.9871
255 0.7381 0.6292 0.9969
