# gbpCode colour map
#    type      = linear
#    hue       = 150 degrees
#    radius    = -01 degrees
#    chroma    = 050
#    luminance = 000 to 074
  0 0.0000 0.1002 0.0000
  1 0.0000 0.1006 0.0000
  2 0.0000 0.1009 0.0000
  3 0.0000 0.1012 0.0000
  4 0.0000 0.1013 0.0000
  5 0.0000 0.1014 0.0000
  6 0.0000 0.1014 0.0000
  7 0.0000 0.1013 0.0000
  8 0.0000 0.1012 0.0000
  9 0.0000 0.1010 0.0000
 10 0.0000 0.1007 0.0000
 11 0.0000 0.1004 0.0000
 12 0.0000 0.1000 0.0000
 13 0.0000 0.0996 0.0000
 14 0.0000 0.0991 0.0000
 15 0.0000 0.0985 0.0000
 16 0.0000 0.0979 0.0000
 17 0.0204 0.0973 0.0000
 18 0.0439 0.0966 0.0000
 19 0.0633 0.0959 0.0000
 20 0.0791 0.0951 0.0000
 21 0.0926 0.0944 0.0000
 22 0.1046 0.0936 0.0000
 23 0.1154 0.0927 0.0000
 24 0.1252 0.0919 0.0000
 25 0.1343 0.0910 0.0000
 26 0.1428 0.0901 0.0000
 27 0.1508 0.0892 0.0000
 28 0.1583 0.0883 0.0000
 29 0.1656 0.0874 0.0000
 30 0.1730 0.0862 0.0000
 31 0.1805 0.0847 0.0000
 32 0.1882 0.0831 0.0000
 33 0.1959 0.0811 0.0000
 34 0.2036 0.0789 0.0000
 35 0.2114 0.0764 0.0000
 36 0.2193 0.0736 0.0000
 37 0.2271 0.0705 0.0000
 38 0.2350 0.0669 0.0000
 39 0.2429 0.0630 0.0000
 40 0.2508 0.0587 0.0000
 41 0.2586 0.0538 0.0000
 42 0.2664 0.0484 0.0000
 43 0.2742 0.0423 0.0000
 44 0.2819 0.0355 0.0000
 45 0.2895 0.0284 0.0000
 46 0.2971 0.0212 0.0000
 47 0.3045 0.0138 0.0000
 48 0.3119 0.0063 0.0000
 49 0.3191 0.0000 0.0000
 50 0.3263 0.0000 0.0000
 51 0.3333 0.0000 0.0000
 52 0.3401 0.0000 0.0000
 53 0.3468 0.0000 0.0000
 54 0.3534 0.0000 0.0000
 55 0.3598 0.0000 0.0000
 56 0.3660 0.0000 0.0000
 57 0.3720 0.0000 0.0194
 58 0.3778 0.0000 0.0396
 59 0.3835 0.0000 0.0576
 60 0.3889 0.0000 0.0725
 61 0.3941 0.0000 0.0853
 62 0.3991 0.0000 0.0970
 63 0.4038 0.0000 0.1087
 64 0.4082 0.0000 0.1204
 65 0.4122 0.0000 0.1323
 66 0.4159 0.0000 0.1443
 67 0.4192 0.0000 0.1565
 68 0.4222 0.0000 0.1687
 69 0.4248 0.0000 0.1811
 70 0.4270 0.0000 0.1935
 71 0.4288 0.0000 0.2061
 72 0.4303 0.0000 0.2187
 73 0.4313 0.0000 0.2314
 74 0.4319 0.0000 0.2441
 75 0.4322 0.0000 0.2569
 76 0.4320 0.0000 0.2696
 77 0.4313 0.0000 0.2825
 78 0.4303 0.0000 0.2952
 79 0.4288 0.0000 0.3080
 80 0.4268 0.0000 0.3207
 81 0.4244 0.0147 0.3334
 82 0.4216 0.0313 0.3460
 83 0.4183 0.0486 0.3585
 84 0.4145 0.0638 0.3709
 85 0.4103 0.0774 0.3832
 86 0.4055 0.0900 0.3954
 87 0.4003 0.1017 0.4073
 88 0.3946 0.1129 0.4192
 89 0.3883 0.1237 0.4308
 90 0.3816 0.1340 0.4422
 91 0.3743 0.1439 0.4534
 92 0.3665 0.1536 0.4644
 93 0.3581 0.1630 0.4751
 94 0.3491 0.1722 0.4855
 95 0.3396 0.1811 0.4957
 96 0.3294 0.1899 0.5056
 97 0.3185 0.1985 0.5151
 98 0.3070 0.2068 0.5244
 99 0.2947 0.2150 0.5333
100 0.2815 0.2231 0.5419
101 0.2675 0.2310 0.5501
102 0.2524 0.2387 0.5580
103 0.2361 0.2463 0.5654
104 0.2185 0.2538 0.5725
105 0.1991 0.2611 0.5792
106 0.1775 0.2682 0.5855
107 0.1528 0.2753 0.5914
108 0.1235 0.2822 0.5969
109 0.0859 0.2890 0.6020
110 0.0254 0.2956 0.6066
111 0.0000 0.3022 0.6108
112 0.0000 0.3086 0.6146
113 0.0000 0.3149 0.6179
114 0.0000 0.3211 0.6208
115 0.0000 0.3271 0.6233
116 0.0000 0.3331 0.6253
117 0.0000 0.3389 0.6269
118 0.0000 0.3447 0.6280
119 0.0000 0.3503 0.6287
120 0.0000 0.3558 0.6289
121 0.0000 0.3612 0.6288
122 0.0000 0.3666 0.6282
123 0.0000 0.3718 0.6271
124 0.0000 0.3769 0.6257
125 0.0000 0.3820 0.6238
126 0.0000 0.3869 0.6215
127 0.0000 0.3918 0.6188
128 0.0000 0.3965 0.6158
129 0.0000 0.4012 0.6123
130 0.0000 0.4058 0.6085
131 0.0000 0.4103 0.6042
132 0.0000 0.4148 0.5997
133 0.0000 0.4191 0.5948
134 0.0000 0.4234 0.5895
135 0.0000 0.4276 0.5839
136 0.0000 0.4317 0.5780
137 0.0000 0.4358 0.5718
138 0.0000 0.4398 0.5653
139 0.0000 0.4437 0.5585
140 0.0000 0.4476 0.5515
141 0.0000 0.4514 0.5442
142 0.0000 0.4551 0.5367
143 0.0000 0.4587 0.5289
144 0.0000 0.4623 0.5209
145 0.0000 0.4659 0.5128
146 0.0000 0.4693 0.5044
147 0.0000 0.4727 0.4959
148 0.0000 0.4760 0.4872
149 0.0000 0.4793 0.4783
150 0.0000 0.4825 0.4694
151 0.0000 0.4857 0.4603
152 0.0000 0.4887 0.4511
153 0.0000 0.4917 0.4418
154 0.0000 0.4947 0.4325
155 0.0000 0.4976 0.4231
156 0.0000 0.5004 0.4136
157 0.0000 0.5031 0.4041
158 0.0000 0.5058 0.3946
159 0.0000 0.5084 0.3851
160 0.0000 0.5110 0.3756
161 0.0000 0.5134 0.3661
162 0.0000 0.5158 0.3566
163 0.0000 0.5181 0.3471
164 0.0000 0.5204 0.3377
165 0.0000 0.5225 0.3284
166 0.0000 0.5246 0.3192
167 0.0000 0.5266 0.3100
168 0.0000 0.5285 0.3010
169 0.0000 0.5304 0.2920
170 0.0592 0.5321 0.2832
171 0.1087 0.5337 0.2746
172 0.1444 0.5353 0.2660
173 0.1741 0.5368 0.2577
174 0.2002 0.5382 0.2496
175 0.2241 0.5394 0.2416
176 0.2463 0.5406 0.2339
177 0.2672 0.5417 0.2264
178 0.2872 0.5427 0.2192
179 0.3064 0.5435 0.2122
180 0.3250 0.5443 0.2056
181 0.3431 0.5450 0.1993
182 0.3608 0.5455 0.1934
183 0.3781 0.5460 0.1879
184 0.3951 0.5463 0.1828
185 0.4118 0.5466 0.1782
186 0.4283 0.5467 0.1741
187 0.4445 0.5467 0.1705
188 0.4606 0.5466 0.1675
189 0.4765 0.5464 0.1650
190 0.4922 0.5461 0.1632
191 0.5077 0.5457 0.1621
192 0.5231 0.5452 0.1617
193 0.5383 0.5445 0.1619
194 0.5534 0.5438 0.1628
195 0.5684 0.5429 0.1645
196 0.5832 0.5420 0.1668
197 0.5978 0.5409 0.1698
198 0.6123 0.5398 0.1734
199 0.6267 0.5386 0.1777
200 0.6409 0.5373 0.1827
201 0.6550 0.5359 0.1882
202 0.6688 0.5344 0.1942
203 0.6826 0.5328 0.2008
204 0.6961 0.5312 0.2079
205 0.7094 0.5295 0.2155
206 0.7226 0.5278 0.2235
207 0.7356 0.5260 0.2320
208 0.7483 0.5242 0.2409
209 0.7608 0.5224 0.2502
210 0.7731 0.5205 0.2598
211 0.7852 0.5187 0.2698
212 0.7970 0.5168 0.2802
213 0.8086 0.5149 0.2909
214 0.8199 0.5131 0.3019
215 0.8310 0.5113 0.3132
216 0.8417 0.5096 0.3248
217 0.8522 0.5079 0.3367
218 0.8623 0.5063 0.3489
219 0.8722 0.5047 0.3614
220 0.8817 0.5033 0.3741
221 0.8909 0.5020 0.3870
222 0.8998 0.5008 0.4003
223 0.9083 0.4998 0.4137
224 0.9164 0.4989 0.4274
225 0.9242 0.4982 0.4413
226 0.9316 0.4977 0.4554
227 0.9386 0.4974 0.4698
228 0.9453 0.4973 0.4843
229 0.9515 0.4974 0.4990
230 0.9573 0.4978 0.5138
231 0.9627 0.4984 0.5289
232 0.9677 0.4993 0.5441
233 0.9722 0.5004 0.5594
234 0.9763 0.5018 0.5748
235 0.9800 0.5035 0.5904
236 0.9832 0.5055 0.6061
237 0.9859 0.5078 0.6218
238 0.9882 0.5104 0.6376
239 0.9900 0.5132 0.6535
240 0.9914 0.5164 0.6694
241 0.9922 0.5199 0.6854
242 0.9926 0.5236 0.7014
243 0.9925 0.5277 0.7173
244 0.9919 0.5320 0.7333
245 0.9908 0.5366 0.7492
246 0.9893 0.5415 0.7651
247 0.9872 0.5467 0.7809
248 0.9846 0.5521 0.7966
249 0.9816 0.5577 0.8122
250 0.9780 0.5636 0.8277
251 0.9740 0.5697 0.8431
252 0.9695 0.5760 0.8583
253 0.9645 0.5825 0.8734
254 0.9590 0.5893 0.8882
255 0.9530 0.5961 0.9029
