# gbpCode colour map
#    type      = linear
#    hue       = 030 degrees
#    radius    = -01 degrees
#    chroma    = 050
#    luminance = 000 to 074
  0 0.2229 0.0000 0.0000
  1 0.2256 0.0000 0.0000
  2 0.2282 0.0000 0.0000
  3 0.2308 0.0000 0.0000
  4 0.2334 0.0000 0.0000
  5 0.2359 0.0000 0.0000
  6 0.2383 0.0000 0.0000
  7 0.2407 0.0000 0.0000
  8 0.2429 0.0000 0.0000
  9 0.2451 0.0000 0.0000
 10 0.2472 0.0000 0.0000
 11 0.2491 0.0000 0.0032
 12 0.2509 0.0000 0.0253
 13 0.2525 0.0000 0.0470
 14 0.2540 0.0000 0.0647
 15 0.2554 0.0000 0.0793
 16 0.2566 0.0000 0.0919
 17 0.2576 0.0000 0.1032
 18 0.2583 0.0000 0.1139
 19 0.2587 0.0000 0.1248
 20 0.2588 0.0000 0.1358
 21 0.2584 0.0000 0.1470
 22 0.2577 0.0000 0.1582
 23 0.2566 0.0000 0.1694
 24 0.2550 0.0000 0.1807
 25 0.2531 0.0000 0.1919
 26 0.2507 0.0000 0.2032
 27 0.2479 0.0000 0.2144
 28 0.2446 0.0000 0.2255
 29 0.2408 0.0000 0.2366
 30 0.2366 0.0000 0.2476
 31 0.2317 0.0000 0.2584
 32 0.2264 0.0000 0.2691
 33 0.2204 0.0000 0.2797
 34 0.2138 0.0000 0.2901
 35 0.2066 0.0000 0.3003
 36 0.1986 0.0000 0.3102
 37 0.1899 0.0102 0.3200
 38 0.1804 0.0229 0.3295
 39 0.1699 0.0360 0.3388
 40 0.1583 0.0489 0.3478
 41 0.1454 0.0604 0.3565
 42 0.1309 0.0707 0.3650
 43 0.1143 0.0802 0.3731
 44 0.0948 0.0891 0.3809
 45 0.0705 0.0975 0.3884
 46 0.0367 0.1054 0.3955
 47 0.0000 0.1130 0.4023
 48 0.0000 0.1203 0.4088
 49 0.0000 0.1273 0.4149
 50 0.0000 0.1340 0.4206
 51 0.0000 0.1405 0.4259
 52 0.0000 0.1468 0.4308
 53 0.0000 0.1529 0.4353
 54 0.0000 0.1589 0.4395
 55 0.0000 0.1646 0.4432
 56 0.0000 0.1703 0.4466
 57 0.0000 0.1757 0.4495
 58 0.0000 0.1810 0.4520
 59 0.0000 0.1862 0.4541
 60 0.0000 0.1913 0.4558
 61 0.0000 0.1963 0.4570
 62 0.0000 0.2011 0.4579
 63 0.0000 0.2058 0.4584
 64 0.0000 0.2105 0.4584
 65 0.0000 0.2150 0.4581
 66 0.0000 0.2195 0.4573
 67 0.0000 0.2238 0.4561
 68 0.0000 0.2281 0.4546
 69 0.0000 0.2323 0.4527
 70 0.0000 0.2364 0.4504
 71 0.0000 0.2404 0.4477
 72 0.0000 0.2444 0.4446
 73 0.0000 0.2483 0.4412
 74 0.0000 0.2521 0.4375
 75 0.0000 0.2559 0.4334
 76 0.0000 0.2596 0.4290
 77 0.0000 0.2632 0.4243
 78 0.0000 0.2668 0.4192
 79 0.0000 0.2704 0.4139
 80 0.0000 0.2739 0.4083
 81 0.0000 0.2773 0.4024
 82 0.0000 0.2807 0.3962
 83 0.0000 0.2841 0.3898
 84 0.0000 0.2874 0.3832
 85 0.0000 0.2907 0.3763
 86 0.0000 0.2939 0.3692
 87 0.0000 0.2971 0.3619
 88 0.0000 0.3003 0.3545
 89 0.0000 0.3034 0.3468
 90 0.0000 0.3064 0.3390
 91 0.0000 0.3095 0.3310
 92 0.0000 0.3125 0.3229
 93 0.0000 0.3154 0.3147
 94 0.0000 0.3183 0.3063
 95 0.0000 0.3212 0.2978
 96 0.0000 0.3240 0.2893
 97 0.0000 0.3268 0.2806
 98 0.0000 0.3296 0.2719
 99 0.0000 0.3323 0.2631
100 0.0000 0.3349 0.2543
101 0.0000 0.3375 0.2454
102 0.0000 0.3401 0.2365
103 0.0000 0.3426 0.2275
104 0.0000 0.3451 0.2185
105 0.0000 0.3475 0.2094
106 0.0000 0.3498 0.2004
107 0.0000 0.3521 0.1913
108 0.0000 0.3543 0.1822
109 0.0000 0.3565 0.1731
110 0.0000 0.3586 0.1639
111 0.0000 0.3606 0.1548
112 0.0000 0.3626 0.1455
113 0.0000 0.3645 0.1363
114 0.0000 0.3663 0.1269
115 0.0000 0.3680 0.1175
116 0.0000 0.3697 0.1079
117 0.0000 0.3713 0.0982
118 0.0000 0.3728 0.0883
119 0.0168 0.3742 0.0782
120 0.0649 0.3755 0.0677
121 0.0984 0.3767 0.0566
122 0.1251 0.3778 0.0449
123 0.1483 0.3788 0.0325
124 0.1693 0.3798 0.0209
125 0.1887 0.3806 0.0103
126 0.2071 0.3813 0.0007
127 0.2246 0.3819 0.0000
128 0.2415 0.3824 0.0000
129 0.2578 0.3828 0.0000
130 0.2737 0.3830 0.0000
131 0.2892 0.3832 0.0000
132 0.3045 0.3832 0.0000
133 0.3194 0.3832 0.0000
134 0.3341 0.3830 0.0000
135 0.3486 0.3826 0.0000
136 0.3630 0.3822 0.0000
137 0.3771 0.3817 0.0000
138 0.3911 0.3810 0.0000
139 0.4050 0.3802 0.0000
140 0.4186 0.3793 0.0000
141 0.4322 0.3783 0.0000
142 0.4456 0.3771 0.0000
143 0.4588 0.3759 0.0000
144 0.4720 0.3746 0.0000
145 0.4849 0.3731 0.0000
146 0.4977 0.3715 0.0035
147 0.5104 0.3699 0.0150
148 0.5229 0.3681 0.0280
149 0.5353 0.3663 0.0425
150 0.5474 0.3644 0.0566
151 0.5594 0.3624 0.0698
152 0.5712 0.3604 0.0825
153 0.5828 0.3583 0.0948
154 0.5943 0.3562 0.1069
155 0.6055 0.3540 0.1189
156 0.6164 0.3518 0.1308
157 0.6272 0.3496 0.1427
158 0.6377 0.3473 0.1547
159 0.6480 0.3451 0.1667
160 0.6580 0.3430 0.1788
161 0.6678 0.3408 0.1910
162 0.6773 0.3388 0.2033
163 0.6865 0.3368 0.2158
164 0.6954 0.3349 0.2284
165 0.7040 0.3331 0.2411
166 0.7123 0.3314 0.2540
167 0.7203 0.3299 0.2670
168 0.7280 0.3286 0.2802
169 0.7353 0.3274 0.2936
170 0.7422 0.3265 0.3071
171 0.7488 0.3257 0.3208
172 0.7551 0.3253 0.3346
173 0.7610 0.3250 0.3486
174 0.7664 0.3251 0.3627
175 0.7715 0.3254 0.3770
176 0.7762 0.3261 0.3914
177 0.7805 0.3270 0.4059
178 0.7844 0.3283 0.4205
179 0.7879 0.3299 0.4352
180 0.7909 0.3319 0.4500
181 0.7935 0.3342 0.4649
182 0.7957 0.3368 0.4799
183 0.7974 0.3398 0.4949
184 0.7987 0.3431 0.5100
185 0.7995 0.3468 0.5250
186 0.7998 0.3508 0.5401
187 0.7997 0.3551 0.5552
188 0.7991 0.3598 0.5703
189 0.7981 0.3647 0.5854
190 0.7966 0.3699 0.6004
191 0.7946 0.3754 0.6153
192 0.7921 0.3812 0.6302
193 0.7892 0.3872 0.6450
194 0.7858 0.3935 0.6596
195 0.7819 0.4000 0.6742
196 0.7775 0.4066 0.6885
197 0.7726 0.4135 0.7028
198 0.7673 0.4205 0.7168
199 0.7615 0.4277 0.7307
200 0.7552 0.4350 0.7444
201 0.7484 0.4425 0.7578
202 0.7411 0.4500 0.7710
203 0.7334 0.4577 0.7839
204 0.7252 0.4654 0.7966
205 0.7165 0.4732 0.8090
206 0.7073 0.4811 0.8210
207 0.6977 0.4890 0.8328
208 0.6876 0.4970 0.8442
209 0.6771 0.5049 0.8553
210 0.6661 0.5129 0.8660
211 0.6546 0.5209 0.8764
212 0.6427 0.5289 0.8864
213 0.6303 0.5369 0.8960
214 0.6174 0.5449 0.9052
215 0.6041 0.5528 0.9140
216 0.5904 0.5607 0.9223
217 0.5762 0.5686 0.9302
218 0.5615 0.5764 0.9377
219 0.5463 0.5841 0.9447
220 0.5307 0.5918 0.9513
221 0.5146 0.5995 0.9574
222 0.4980 0.6070 0.9631
223 0.4809 0.6145 0.9682
224 0.4632 0.6219 0.9729
225 0.4450 0.6293 0.9772
226 0.4262 0.6366 0.9809
227 0.4067 0.6437 0.9841
228 0.3866 0.6508 0.9869
229 0.3656 0.6578 0.9891
230 0.3438 0.6647 0.9909
231 0.3210 0.6715 0.9922
232 0.2969 0.6782 0.9930
233 0.2714 0.6849 0.9934
234 0.2440 0.6914 0.9932
235 0.2140 0.6978 0.9926
236 0.1803 0.7041 0.9915
237 0.1404 0.7104 0.9899
238 0.0877 0.7165 0.9879
239 0.0000 0.7225 0.9854
240 0.0000 0.7284 0.9825
241 0.0000 0.7343 0.9791
242 0.0000 0.7400 0.9753
243 0.0000 0.7456 0.9711
244 0.0000 0.7511 0.9665
245 0.0000 0.7566 0.9614
246 0.0000 0.7619 0.9560
247 0.0000 0.7671 0.9502
248 0.0000 0.7722 0.9441
249 0.0000 0.7772 0.9375
250 0.0000 0.7822 0.9307
251 0.0000 0.7870 0.9235
252 0.0000 0.7917 0.9160
253 0.0000 0.7963 0.9082
254 0.0000 0.8009 0.9001
255 0.0000 0.8053 0.8918
