# gbpCode colour map
#    type      = iso
#    hue       = 180 degrees
#    radius    = 000 degrees
#    chroma    = 050
#    luminance = 067 to 067
  0 0.0000 0.7320 0.6338
  1 0.0000 0.7321 0.6381
  2 0.0000 0.7322 0.6425
  3 0.0000 0.7322 0.6469
  4 0.0000 0.7323 0.6513
  5 0.0000 0.7323 0.6557
  6 0.0000 0.7323 0.6601
  7 0.0000 0.7324 0.6645
  8 0.0000 0.7324 0.6689
  9 0.0000 0.7324 0.6732
 10 0.0000 0.7324 0.6776
 11 0.0000 0.7323 0.6820
 12 0.0000 0.7323 0.6863
 13 0.0000 0.7323 0.6907
 14 0.0000 0.7322 0.6950
 15 0.0000 0.7322 0.6993
 16 0.0000 0.7321 0.7037
 17 0.0000 0.7320 0.7080
 18 0.0000 0.7319 0.7123
 19 0.0000 0.7318 0.7165
 20 0.0000 0.7317 0.7208
 21 0.0000 0.7316 0.7251
 22 0.0000 0.7314 0.7293
 23 0.0000 0.7313 0.7336
 24 0.0000 0.7311 0.7378
 25 0.0000 0.7310 0.7420
 26 0.0000 0.7308 0.7462
 27 0.0000 0.7306 0.7503
 28 0.0000 0.7304 0.7545
 29 0.0000 0.7302 0.7586
 30 0.0000 0.7300 0.7628
 31 0.0000 0.7298 0.7669
 32 0.0000 0.7295 0.7710
 33 0.0000 0.7293 0.7750
 34 0.0000 0.7290 0.7791
 35 0.0000 0.7288 0.7831
 36 0.0000 0.7285 0.7871
 37 0.0000 0.7282 0.7911
 38 0.0000 0.7279 0.7950
 39 0.0000 0.7276 0.7989
 40 0.0000 0.7272 0.8029
 41 0.0000 0.7269 0.8067
 42 0.0000 0.7265 0.8106
 43 0.0000 0.7262 0.8144
 44 0.0000 0.7258 0.8182
 45 0.0000 0.7254 0.8220
 46 0.0000 0.7250 0.8258
 47 0.0000 0.7246 0.8295
 48 0.0000 0.7242 0.8332
 49 0.0000 0.7238 0.8369
 50 0.0000 0.7234 0.8405
 51 0.0000 0.7229 0.8441
 52 0.0000 0.7224 0.8477
 53 0.0000 0.7220 0.8512
 54 0.0000 0.7215 0.8547
 55 0.0000 0.7210 0.8582
 56 0.0000 0.7205 0.8617
 57 0.0000 0.7200 0.8651
 58 0.0000 0.7194 0.8684
 59 0.0000 0.7189 0.8718
 60 0.0000 0.7183 0.8751
 61 0.0000 0.7178 0.8784
 62 0.0000 0.7172 0.8816
 63 0.0000 0.7166 0.8848
 64 0.0000 0.7160 0.8880
 65 0.0000 0.7154 0.8911
 66 0.0000 0.7148 0.8942
 67 0.0000 0.7141 0.8973
 68 0.0000 0.7135 0.9003
 69 0.0000 0.7128 0.9032
 70 0.0000 0.7122 0.9062
 71 0.0000 0.7115 0.9091
 72 0.0000 0.7108 0.9119
 73 0.0000 0.7101 0.9147
 74 0.0000 0.7093 0.9175
 75 0.0000 0.7086 0.9202
 76 0.0000 0.7079 0.9229
 77 0.0000 0.7071 0.9255
 78 0.0000 0.7063 0.9281
 79 0.0000 0.7055 0.9307
 80 0.0000 0.7047 0.9332
 81 0.0000 0.7039 0.9357
 82 0.0000 0.7031 0.9381
 83 0.0000 0.7023 0.9405
 84 0.0000 0.7014 0.9428
 85 0.0000 0.7006 0.9451
 86 0.0000 0.6997 0.9473
 87 0.0000 0.6988 0.9495
 88 0.0000 0.6979 0.9516
 89 0.0000 0.6970 0.9537
 90 0.0000 0.6961 0.9558
 91 0.0000 0.6952 0.9578
 92 0.0000 0.6942 0.9597
 93 0.0000 0.6933 0.9616
 94 0.0000 0.6923 0.9635
 95 0.0236 0.6913 0.9653
 96 0.0638 0.6903 0.9670
 97 0.0920 0.6893 0.9687
 98 0.1146 0.6883 0.9704
 99 0.1339 0.6872 0.9720
100 0.1512 0.6862 0.9735
101 0.1669 0.6851 0.9750
102 0.1815 0.6841 0.9765
103 0.1951 0.6830 0.9779
104 0.2080 0.6819 0.9792
105 0.2203 0.6808 0.9805
106 0.2321 0.6796 0.9817
107 0.2434 0.6785 0.9829
108 0.2544 0.6774 0.9841
109 0.2650 0.6762 0.9851
110 0.2753 0.6750 0.9862
111 0.2853 0.6739 0.9872
112 0.2950 0.6727 0.9881
113 0.3046 0.6715 0.9889
114 0.3139 0.6702 0.9898
115 0.3231 0.6690 0.9905
116 0.3321 0.6678 0.9912
117 0.3409 0.6665 0.9919
118 0.3495 0.6652 0.9925
119 0.3581 0.6640 0.9930
120 0.3665 0.6627 0.9935
121 0.3748 0.6614 0.9940
122 0.3829 0.6601 0.9943
123 0.3910 0.6587 0.9947
124 0.3989 0.6574 0.9950
125 0.4068 0.6561 0.9952
126 0.4145 0.6547 0.9953
127 0.4222 0.6533 0.9955
128 0.4298 0.6520 0.9955
129 0.4373 0.6506 0.9955
130 0.4447 0.6492 0.9955
131 0.4520 0.6478 0.9954
132 0.4593 0.6463 0.9952
133 0.4665 0.6449 0.9950
134 0.4736 0.6435 0.9947
135 0.4807 0.6420 0.9944
136 0.4877 0.6405 0.9940
137 0.4946 0.6391 0.9936
138 0.5015 0.6376 0.9931
139 0.5083 0.6361 0.9926
140 0.5150 0.6346 0.9920
141 0.5217 0.6331 0.9913
142 0.5284 0.6316 0.9906
143 0.5349 0.6301 0.9899
144 0.5414 0.6285 0.9891
145 0.5479 0.6270 0.9882
146 0.5543 0.6254 0.9873
147 0.5607 0.6239 0.9863
148 0.5670 0.6223 0.9853
149 0.5732 0.6207 0.9843
150 0.5794 0.6192 0.9831
151 0.5856 0.6176 0.9820
152 0.5917 0.6160 0.9807
153 0.5977 0.6144 0.9795
154 0.6037 0.6128 0.9781
155 0.6097 0.6112 0.9768
156 0.6156 0.6096 0.9753
157 0.6214 0.6079 0.9739
158 0.6272 0.6063 0.9723
159 0.6330 0.6047 0.9707
160 0.6387 0.6030 0.9691
161 0.6443 0.6014 0.9674
162 0.6500 0.5997 0.9657
163 0.6555 0.5981 0.9639
164 0.6610 0.5964 0.9621
165 0.6665 0.5948 0.9602
166 0.6719 0.5931 0.9583
167 0.6773 0.5915 0.9563
168 0.6826 0.5898 0.9543
169 0.6879 0.5881 0.9522
170 0.6931 0.5865 0.9501
171 0.6983 0.5848 0.9480
172 0.7035 0.5832 0.9458
173 0.7085 0.5815 0.9435
174 0.7136 0.5798 0.9412
175 0.7186 0.5781 0.9389
176 0.7235 0.5765 0.9365
177 0.7284 0.5748 0.9341
178 0.7333 0.5732 0.9316
179 0.7381 0.5715 0.9291
180 0.7428 0.5698 0.9265
181 0.7475 0.5682 0.9239
182 0.7522 0.5665 0.9213
183 0.7568 0.5649 0.9186
184 0.7614 0.5632 0.9159
185 0.7659 0.5616 0.9131
186 0.7704 0.5600 0.9103
187 0.7748 0.5583 0.9075
188 0.7792 0.5567 0.9046
189 0.7835 0.5551 0.9017
190 0.7877 0.5535 0.8987
191 0.7920 0.5519 0.8957
192 0.7961 0.5503 0.8927
193 0.8003 0.5487 0.8896
194 0.8043 0.5471 0.8865
195 0.8084 0.5455 0.8834
196 0.8123 0.5440 0.8802
197 0.8163 0.5424 0.8770
198 0.8202 0.5409 0.8737
199 0.8240 0.5394 0.8705
200 0.8278 0.5378 0.8672
201 0.8315 0.5363 0.8638
202 0.8352 0.5348 0.8604
203 0.8388 0.5334 0.8570
204 0.8424 0.5319 0.8536
205 0.8459 0.5304 0.8501
206 0.8494 0.5290 0.8466
207 0.8528 0.5276 0.8431
208 0.8562 0.5262 0.8395
209 0.8595 0.5248 0.8359
210 0.8628 0.5234 0.8323
211 0.8660 0.5221 0.8287
212 0.8691 0.5207 0.8250
213 0.8723 0.5194 0.8213
214 0.8753 0.5181 0.8176
215 0.8783 0.5168 0.8139
216 0.8813 0.5156 0.8101
217 0.8842 0.5143 0.8063
218 0.8871 0.5131 0.8025
219 0.8899 0.5119 0.7987
220 0.8926 0.5107 0.7948
221 0.8953 0.5096 0.7909
222 0.8980 0.5084 0.7870
223 0.9006 0.5073 0.7831
224 0.9031 0.5063 0.7792
225 0.9056 0.5052 0.7752
226 0.9081 0.5042 0.7713
227 0.9104 0.5032 0.7673
228 0.9128 0.5022 0.7633
229 0.9151 0.5012 0.7592
230 0.9173 0.5003 0.7552
231 0.9195 0.4994 0.7511
232 0.9216 0.4985 0.7471
233 0.9237 0.4976 0.7430
234 0.9257 0.4968 0.7389
235 0.9277 0.4960 0.7348
236 0.9296 0.4953 0.7306
237 0.9315 0.4945 0.7265
238 0.9333 0.4938 0.7223
239 0.9350 0.4932 0.7182
240 0.9367 0.4925 0.7140
241 0.9384 0.4919 0.7098
242 0.9400 0.4913 0.7056
243 0.9415 0.4908 0.7015
244 0.9430 0.4902 0.6972
245 0.9445 0.4897 0.6930
246 0.9459 0.4893 0.6888
247 0.9472 0.4889 0.6846
248 0.9485 0.4885 0.6804
249 0.9497 0.4881 0.6761
250 0.9509 0.4878 0.6719
251 0.9520 0.4875 0.6677
252 0.9531 0.4872 0.6634
253 0.9541 0.4870 0.6592
254 0.9551 0.4868 0.6549
255 0.9560 0.4866 0.6507
