# gbpCode colour map
#    type      = linear
#    hue       = 000 degrees
#    radius    = 001 degrees
#    chroma    = 050
#    luminance = 000 to 090
  0 0.2229 0.0000 0.0121
  1 0.2264 0.0000 0.0000
  2 0.2298 0.0000 0.0000
  3 0.2330 0.0000 0.0000
  4 0.2360 0.0000 0.0000
  5 0.2388 0.0000 0.0000
  6 0.2415 0.0000 0.0000
  7 0.2440 0.0000 0.0000
  8 0.2463 0.0000 0.0000
  9 0.2484 0.0000 0.0000
 10 0.2503 0.0000 0.0000
 11 0.2520 0.0000 0.0000
 12 0.2535 0.0000 0.0000
 13 0.2549 0.0000 0.0000
 14 0.2560 0.0000 0.0000
 15 0.2569 0.0000 0.0000
 16 0.2577 0.0000 0.0000
 17 0.2582 0.0000 0.0000
 18 0.2586 0.0000 0.0000
 19 0.2588 0.0000 0.0000
 20 0.2587 0.0000 0.0000
 21 0.2585 0.0000 0.0000
 22 0.2581 0.0000 0.0000
 23 0.2575 0.0000 0.0000
 24 0.2567 0.0000 0.0000
 25 0.2557 0.0000 0.0000
 26 0.2544 0.0000 0.0000
 27 0.2529 0.0071 0.0000
 28 0.2512 0.0184 0.0000
 29 0.2493 0.0303 0.0000
 30 0.2471 0.0427 0.0000
 31 0.2447 0.0540 0.0000
 32 0.2421 0.0643 0.0000
 33 0.2393 0.0738 0.0000
 34 0.2362 0.0826 0.0000
 35 0.2330 0.0910 0.0000
 36 0.2295 0.0990 0.0000
 37 0.2257 0.1066 0.0000
 38 0.2218 0.1140 0.0000
 39 0.2176 0.1211 0.0000
 40 0.2131 0.1280 0.0000
 41 0.2084 0.1347 0.0000
 42 0.2034 0.1413 0.0000
 43 0.1982 0.1477 0.0000
 44 0.1927 0.1539 0.0000
 45 0.1868 0.1600 0.0000
 46 0.1807 0.1660 0.0000
 47 0.1742 0.1718 0.0000
 48 0.1673 0.1776 0.0000
 49 0.1600 0.1832 0.0000
 50 0.1523 0.1888 0.0000
 51 0.1440 0.1943 0.0000
 52 0.1352 0.1997 0.0000
 53 0.1256 0.2050 0.0000
 54 0.1153 0.2102 0.0000
 55 0.1039 0.2153 0.0000
 56 0.0912 0.2204 0.0000
 57 0.0767 0.2254 0.0000
 58 0.0596 0.2304 0.0000
 59 0.0378 0.2353 0.0000
 60 0.0130 0.2401 0.0000
 61 0.0000 0.2449 0.0000
 62 0.0000 0.2496 0.0000
 63 0.0000 0.2543 0.0000
 64 0.0000 0.2589 0.0000
 65 0.0000 0.2635 0.0000
 66 0.0000 0.2680 0.0000
 67 0.0000 0.2724 0.0000
 68 0.0000 0.2769 0.0124
 69 0.0000 0.2812 0.0298
 70 0.0000 0.2855 0.0487
 71 0.0000 0.2898 0.0661
 72 0.0000 0.2941 0.0823
 73 0.0000 0.2983 0.0978
 74 0.0000 0.3025 0.1129
 75 0.0000 0.3066 0.1277
 76 0.0000 0.3107 0.1424
 77 0.0000 0.3148 0.1569
 78 0.0000 0.3188 0.1715
 79 0.0000 0.3228 0.1860
 80 0.0000 0.3268 0.2005
 81 0.0000 0.3307 0.2151
 82 0.0000 0.3345 0.2297
 83 0.0000 0.3384 0.2443
 84 0.0000 0.3422 0.2589
 85 0.0000 0.3459 0.2736
 86 0.0000 0.3496 0.2883
 87 0.0000 0.3533 0.3030
 88 0.0000 0.3569 0.3178
 89 0.0000 0.3605 0.3325
 90 0.0000 0.3640 0.3472
 91 0.0000 0.3675 0.3619
 92 0.0000 0.3709 0.3765
 93 0.0000 0.3742 0.3911
 94 0.0000 0.3775 0.4056
 95 0.0000 0.3807 0.4200
 96 0.0000 0.3839 0.4343
 97 0.0000 0.3870 0.4485
 98 0.0000 0.3900 0.4626
 99 0.0000 0.3930 0.4765
100 0.0000 0.3958 0.4902
101 0.0000 0.3986 0.5038
102 0.0000 0.4013 0.5172
103 0.0000 0.4039 0.5304
104 0.0000 0.4064 0.5433
105 0.0000 0.4088 0.5560
106 0.0000 0.4112 0.5685
107 0.0000 0.4134 0.5807
108 0.0000 0.4155 0.5926
109 0.0000 0.4175 0.6042
110 0.0000 0.4194 0.6155
111 0.0000 0.4212 0.6264
112 0.0000 0.4229 0.6371
113 0.0000 0.4245 0.6474
114 0.0000 0.4259 0.6573
115 0.0000 0.4273 0.6668
116 0.0000 0.4284 0.6760
117 0.0000 0.4295 0.6848
118 0.0000 0.4305 0.6932
119 0.0000 0.4313 0.7011
120 0.0000 0.4320 0.7087
121 0.0000 0.4325 0.7158
122 0.0000 0.4329 0.7225
123 0.0000 0.4332 0.7288
124 0.0000 0.4334 0.7346
125 0.0000 0.4334 0.7400
126 0.0162 0.4333 0.7449
127 0.1083 0.4331 0.7494
128 0.1605 0.4328 0.7534
129 0.2012 0.4323 0.7570
130 0.2360 0.4317 0.7601
131 0.2673 0.4310 0.7628
132 0.2960 0.4302 0.7650
133 0.3228 0.4293 0.7667
134 0.3482 0.4282 0.7680
135 0.3725 0.4271 0.7689
136 0.3957 0.4259 0.7693
137 0.4181 0.4246 0.7692
138 0.4397 0.4232 0.7687
139 0.4606 0.4218 0.7678
140 0.4810 0.4203 0.7665
141 0.5007 0.4187 0.7647
142 0.5200 0.4171 0.7626
143 0.5387 0.4155 0.7600
144 0.5569 0.4139 0.7571
145 0.5747 0.4122 0.7538
146 0.5920 0.4106 0.7500
147 0.6089 0.4090 0.7460
148 0.6253 0.4075 0.7416
149 0.6413 0.4060 0.7368
150 0.6568 0.4046 0.7317
151 0.6720 0.4033 0.7263
152 0.6867 0.4020 0.7206
153 0.7009 0.4009 0.7146
154 0.7148 0.4000 0.7083
155 0.7282 0.3991 0.7018
156 0.7412 0.3985 0.6950
157 0.7538 0.3981 0.6879
158 0.7659 0.3978 0.6807
159 0.7777 0.3978 0.6732
160 0.7889 0.3980 0.6656
161 0.7998 0.3985 0.6577
162 0.8102 0.3992 0.6497
163 0.8202 0.4002 0.6416
164 0.8297 0.4015 0.6333
165 0.8388 0.4031 0.6249
166 0.8475 0.4050 0.6164
167 0.8557 0.4072 0.6078
168 0.8635 0.4097 0.5991
169 0.8709 0.4126 0.5903
170 0.8778 0.4157 0.5815
171 0.8843 0.4192 0.5727
172 0.8904 0.4230 0.5638
173 0.8960 0.4271 0.5550
174 0.9012 0.4315 0.5461
175 0.9059 0.4362 0.5373
176 0.9102 0.4413 0.5285
177 0.9141 0.4465 0.5198
178 0.9176 0.4521 0.5111
179 0.9207 0.4579 0.5025
180 0.9233 0.4640 0.4939
181 0.9255 0.4703 0.4855
182 0.9274 0.4769 0.4772
183 0.9288 0.4836 0.4690
184 0.9298 0.4906 0.4609
185 0.9304 0.4978 0.4531
186 0.9306 0.5051 0.4453
187 0.9305 0.5126 0.4378
188 0.9299 0.5202 0.4304
189 0.9290 0.5280 0.4233
190 0.9277 0.5359 0.4164
191 0.9261 0.5439 0.4097
192 0.9241 0.5520 0.4032
193 0.9217 0.5602 0.3971
194 0.9190 0.5685 0.3912
195 0.9159 0.5768 0.3856
196 0.9126 0.5852 0.3804
197 0.9089 0.5937 0.3754
198 0.9048 0.6021 0.3709
199 0.9005 0.6106 0.3667
200 0.8958 0.6192 0.3629
201 0.8909 0.6277 0.3595
202 0.8857 0.6363 0.3565
203 0.8801 0.6448 0.3540
204 0.8743 0.6533 0.3520
205 0.8683 0.6618 0.3504
206 0.8619 0.6703 0.3493
207 0.8553 0.6788 0.3488
208 0.8485 0.6872 0.3488
209 0.8414 0.6956 0.3493
210 0.8340 0.7039 0.3504
211 0.8264 0.7122 0.3521
212 0.8186 0.7205 0.3543
213 0.8106 0.7287 0.3572
214 0.8024 0.7368 0.3606
215 0.7939 0.7448 0.3646
216 0.7853 0.7528 0.3692
217 0.7764 0.7608 0.3743
218 0.7674 0.7686 0.3801
219 0.7581 0.7764 0.3864
220 0.7487 0.7841 0.3933
221 0.7391 0.7918 0.4008
222 0.7293 0.7993 0.4088
223 0.7194 0.8068 0.4173
224 0.7092 0.8142 0.4264
225 0.6990 0.8215 0.4359
226 0.6885 0.8287 0.4460
227 0.6779 0.8358 0.4566
228 0.6671 0.8428 0.4676
229 0.6562 0.8498 0.4791
230 0.6451 0.8567 0.4910
231 0.6339 0.8634 0.5034
232 0.6225 0.8701 0.5161
233 0.6110 0.8767 0.5293
234 0.5993 0.8832 0.5428
235 0.5875 0.8896 0.5567
236 0.5756 0.8959 0.5710
237 0.5635 0.9022 0.5856
238 0.5513 0.9083 0.6005
239 0.5390 0.9143 0.6157
240 0.5266 0.9203 0.6312
241 0.5140 0.9261 0.6470
242 0.5013 0.9319 0.6631
243 0.4886 0.9375 0.6794
244 0.4757 0.9431 0.6959
245 0.4628 0.9485 0.7126
246 0.4498 0.9539 0.7295
247 0.4368 0.9591 0.7466
248 0.4237 0.9643 0.7639
249 0.4107 0.9694 0.7813
250 0.3978 0.9743 0.7989
251 0.3849 0.9792 0.8166
252 0.3722 0.9839 0.8343
253 0.3597 0.9886 0.8522
254 0.3475 0.9931 0.8701
255 0.3358 0.9976 0.8880
