# gbpCode colour map
#    type      = linear
#    hue       = 030 degrees
#    radius    = 001 degrees
#    chroma    = 050
#    luminance = 000 to 083
  0 0.2229 0.0000 0.0000
  1 0.2232 0.0000 0.0000
  2 0.2233 0.0000 0.0000
  3 0.2233 0.0000 0.0000
  4 0.2231 0.0000 0.0000
  5 0.2227 0.0000 0.0000
  6 0.2221 0.0000 0.0000
  7 0.2213 0.0000 0.0000
  8 0.2204 0.0000 0.0000
  9 0.2193 0.0000 0.0000
 10 0.2181 0.0000 0.0000
 11 0.2167 0.0000 0.0000
 12 0.2151 0.0000 0.0000
 13 0.2133 0.0000 0.0000
 14 0.2114 0.0000 0.0000
 15 0.2093 0.0000 0.0000
 16 0.2071 0.0000 0.0000
 17 0.2047 0.0025 0.0000
 18 0.2021 0.0125 0.0000
 19 0.1994 0.0227 0.0000
 20 0.1965 0.0329 0.0000
 21 0.1935 0.0431 0.0000
 22 0.1903 0.0523 0.0000
 23 0.1869 0.0606 0.0000
 24 0.1834 0.0681 0.0000
 25 0.1796 0.0752 0.0000
 26 0.1757 0.0818 0.0000
 27 0.1716 0.0882 0.0000
 28 0.1672 0.0944 0.0000
 29 0.1625 0.1003 0.0000
 30 0.1576 0.1061 0.0000
 31 0.1524 0.1117 0.0000
 32 0.1469 0.1172 0.0000
 33 0.1410 0.1225 0.0000
 34 0.1348 0.1277 0.0000
 35 0.1281 0.1328 0.0000
 36 0.1210 0.1378 0.0000
 37 0.1134 0.1428 0.0000
 38 0.1052 0.1476 0.0000
 39 0.0962 0.1523 0.0000
 40 0.0863 0.1570 0.0000
 41 0.0752 0.1616 0.0000
 42 0.0626 0.1661 0.0000
 43 0.0475 0.1706 0.0000
 44 0.0292 0.1749 0.0000
 45 0.0104 0.1793 0.0000
 46 0.0000 0.1836 0.0000
 47 0.0000 0.1878 0.0000
 48 0.0000 0.1920 0.0000
 49 0.0000 0.1961 0.0000
 50 0.0000 0.2002 0.0000
 51 0.0000 0.2043 0.0000
 52 0.0000 0.2083 0.0000
 53 0.0000 0.2122 0.0000
 54 0.0000 0.2162 0.0000
 55 0.0000 0.2200 0.0000
 56 0.0000 0.2239 0.0000
 57 0.0000 0.2277 0.0040
 58 0.0000 0.2314 0.0229
 59 0.0000 0.2352 0.0421
 60 0.0000 0.2389 0.0589
 61 0.0000 0.2425 0.0740
 62 0.0000 0.2461 0.0887
 63 0.0000 0.2498 0.1029
 64 0.0000 0.2533 0.1170
 65 0.0000 0.2569 0.1309
 66 0.0000 0.2604 0.1448
 67 0.0000 0.2639 0.1587
 68 0.0000 0.2674 0.1725
 69 0.0000 0.2708 0.1864
 70 0.0000 0.2742 0.2002
 71 0.0000 0.2776 0.2141
 72 0.0000 0.2809 0.2280
 73 0.0000 0.2843 0.2419
 74 0.0000 0.2875 0.2558
 75 0.0000 0.2908 0.2697
 76 0.0000 0.2939 0.2836
 77 0.0000 0.2971 0.2975
 78 0.0000 0.3002 0.3113
 79 0.0000 0.3032 0.3251
 80 0.0000 0.3062 0.3388
 81 0.0000 0.3092 0.3524
 82 0.0000 0.3121 0.3660
 83 0.0000 0.3149 0.3794
 84 0.0000 0.3177 0.3927
 85 0.0000 0.3204 0.4059
 86 0.0000 0.3230 0.4189
 87 0.0000 0.3255 0.4317
 88 0.0000 0.3280 0.4444
 89 0.0000 0.3304 0.4568
 90 0.0000 0.3327 0.4690
 91 0.0000 0.3349 0.4810
 92 0.0000 0.3371 0.4928
 93 0.0000 0.3391 0.5043
 94 0.0000 0.3410 0.5155
 95 0.0000 0.3429 0.5265
 96 0.0000 0.3446 0.5371
 97 0.0000 0.3462 0.5474
 98 0.0000 0.3477 0.5574
 99 0.0000 0.3491 0.5670
100 0.0000 0.3504 0.5763
101 0.0000 0.3515 0.5853
102 0.0000 0.3525 0.5938
103 0.0000 0.3534 0.6020
104 0.0000 0.3542 0.6098
105 0.0000 0.3548 0.6172
106 0.0000 0.3553 0.6242
107 0.0000 0.3557 0.6308
108 0.0000 0.3559 0.6370
109 0.0000 0.3560 0.6427
110 0.0000 0.3559 0.6480
111 0.0000 0.3557 0.6529
112 0.0000 0.3554 0.6573
113 0.0000 0.3550 0.6613
114 0.0000 0.3544 0.6649
115 0.0617 0.3536 0.6680
116 0.1231 0.3528 0.6706
117 0.1658 0.3518 0.6728
118 0.2008 0.3506 0.6746
119 0.2314 0.3494 0.6760
120 0.2592 0.3480 0.6769
121 0.2850 0.3465 0.6773
122 0.3091 0.3450 0.6773
123 0.3320 0.3433 0.6769
124 0.3538 0.3415 0.6761
125 0.3747 0.3396 0.6749
126 0.3949 0.3377 0.6732
127 0.4143 0.3356 0.6712
128 0.4331 0.3336 0.6687
129 0.4512 0.3314 0.6659
130 0.4689 0.3293 0.6627
131 0.4860 0.3271 0.6591
132 0.5026 0.3249 0.6552
133 0.5187 0.3227 0.6509
134 0.5344 0.3206 0.6463
135 0.5496 0.3185 0.6413
136 0.5644 0.3164 0.6360
137 0.5787 0.3144 0.6305
138 0.5926 0.3125 0.6246
139 0.6060 0.3107 0.6185
140 0.6190 0.3091 0.6121
141 0.6316 0.3076 0.6054
142 0.6438 0.3063 0.5985
143 0.6556 0.3052 0.5914
144 0.6669 0.3043 0.5841
145 0.6778 0.3037 0.5766
146 0.6883 0.3033 0.5688
147 0.6983 0.3031 0.5610
148 0.7079 0.3033 0.5529
149 0.7171 0.3038 0.5448
150 0.7259 0.3045 0.5365
151 0.7343 0.3057 0.5281
152 0.7422 0.3071 0.5196
153 0.7497 0.3089 0.5110
154 0.7568 0.3111 0.5023
155 0.7634 0.3136 0.4936
156 0.7697 0.3165 0.4849
157 0.7755 0.3197 0.4761
158 0.7809 0.3233 0.4673
159 0.7859 0.3272 0.4585
160 0.7904 0.3314 0.4496
161 0.7946 0.3360 0.4409
162 0.7983 0.3409 0.4321
163 0.8017 0.3461 0.4234
164 0.8046 0.3516 0.4147
165 0.8071 0.3573 0.4061
166 0.8093 0.3633 0.3976
167 0.8110 0.3696 0.3892
168 0.8124 0.3761 0.3809
169 0.8133 0.3827 0.3727
170 0.8139 0.3896 0.3646
171 0.8142 0.3967 0.3566
172 0.8140 0.4039 0.3488
173 0.8135 0.4113 0.3411
174 0.8126 0.4188 0.3336
175 0.8113 0.4264 0.3263
176 0.8098 0.4341 0.3192
177 0.8078 0.4419 0.3123
178 0.8056 0.4498 0.3056
179 0.8029 0.4578 0.2992
180 0.8000 0.4658 0.2930
181 0.7968 0.4739 0.2870
182 0.7932 0.4820 0.2814
183 0.7893 0.4902 0.2760
184 0.7852 0.4983 0.2710
185 0.7807 0.5065 0.2663
186 0.7759 0.5146 0.2620
187 0.7709 0.5228 0.2581
188 0.7656 0.5309 0.2546
189 0.7600 0.5390 0.2515
190 0.7541 0.5471 0.2490
191 0.7480 0.5552 0.2468
192 0.7417 0.5632 0.2452
193 0.7350 0.5712 0.2442
194 0.7282 0.5791 0.2437
195 0.7211 0.5870 0.2437
196 0.7138 0.5948 0.2444
197 0.7062 0.6026 0.2456
198 0.6985 0.6103 0.2475
199 0.6905 0.6179 0.2499
200 0.6823 0.6255 0.2530
201 0.6739 0.6330 0.2567
202 0.6653 0.6404 0.2611
203 0.6565 0.6478 0.2660
204 0.6475 0.6550 0.2716
205 0.6383 0.6622 0.2777
206 0.6289 0.6693 0.2844
207 0.6194 0.6764 0.2917
208 0.6096 0.6833 0.2996
209 0.5996 0.6902 0.3079
210 0.5895 0.6970 0.3168
211 0.5791 0.7037 0.3262
212 0.5686 0.7103 0.3360
213 0.5579 0.7168 0.3464
214 0.5469 0.7233 0.3571
215 0.5358 0.7296 0.3683
216 0.5245 0.7359 0.3799
217 0.5129 0.7420 0.3920
218 0.5012 0.7481 0.4043
219 0.4892 0.7541 0.4171
220 0.4770 0.7601 0.4302
221 0.4645 0.7659 0.4437
222 0.4518 0.7716 0.4574
223 0.4388 0.7773 0.4715
224 0.4255 0.7828 0.4859
225 0.4119 0.7883 0.5006
226 0.3980 0.7937 0.5155
227 0.3838 0.7990 0.5307
228 0.3691 0.8042 0.5461
229 0.3541 0.8093 0.5617
230 0.3386 0.8143 0.5776
231 0.3227 0.8192 0.5936
232 0.3061 0.8241 0.6098
233 0.2890 0.8288 0.6262
234 0.2712 0.8335 0.6428
235 0.2526 0.8380 0.6594
236 0.2330 0.8425 0.6762
237 0.2122 0.8469 0.6931
238 0.1900 0.8512 0.7101
239 0.1658 0.8554 0.7272
240 0.1389 0.8595 0.7443
241 0.1077 0.8635 0.7614
242 0.0679 0.8674 0.7786
243 0.0084 0.8712 0.7958
244 0.0000 0.8749 0.8129
245 0.0000 0.8785 0.8300
246 0.0000 0.8820 0.8471
247 0.0000 0.8854 0.8641
248 0.0000 0.8886 0.8810
249 0.0000 0.8918 0.8978
250 0.0000 0.8949 0.9145
251 0.0000 0.8979 0.9311
252 0.0000 0.9008 0.9475
253 0.0000 0.9035 0.9638
254 0.0000 0.9062 0.9798
255 0.0000 0.9087 0.9956
