# gbpCode colour map
#    type      = linear
#    hue       = 240 degrees
#    radius    = 001 degrees
#    chroma    = 050
#    luminance = 000 to 075
  0 0.0000 0.0807 0.2508
  1 0.0000 0.0807 0.2584
  2 0.0000 0.0807 0.2657
  3 0.0000 0.0806 0.2727
  4 0.0000 0.0804 0.2794
  5 0.0000 0.0801 0.2857
  6 0.0000 0.0798 0.2917
  7 0.0000 0.0795 0.2974
  8 0.0000 0.0791 0.3028
  9 0.0000 0.0786 0.3078
 10 0.0000 0.0781 0.3124
 11 0.0000 0.0775 0.3166
 12 0.0000 0.0769 0.3205
 13 0.0000 0.0762 0.3240
 14 0.0000 0.0755 0.3271
 15 0.0000 0.0747 0.3299
 16 0.0000 0.0739 0.3322
 17 0.0000 0.0730 0.3342
 18 0.0000 0.0722 0.3358
 19 0.0000 0.0712 0.3370
 20 0.0000 0.0702 0.3378
 21 0.0000 0.0688 0.3382
 22 0.0000 0.0670 0.3383
 23 0.0000 0.0647 0.3379
 24 0.0000 0.0619 0.3373
 25 0.0000 0.0586 0.3362
 26 0.0000 0.0546 0.3349
 27 0.0299 0.0500 0.3331
 28 0.0667 0.0446 0.3311
 29 0.0937 0.0385 0.3286
 30 0.1161 0.0319 0.3259
 31 0.1356 0.0250 0.3228
 32 0.1533 0.0179 0.3195
 33 0.1696 0.0106 0.3158
 34 0.1848 0.0031 0.3119
 35 0.1990 0.0000 0.3076
 36 0.2125 0.0000 0.3031
 37 0.2253 0.0000 0.2984
 38 0.2375 0.0000 0.2934
 39 0.2492 0.0000 0.2881
 40 0.2603 0.0000 0.2827
 41 0.2710 0.0000 0.2770
 42 0.2812 0.0000 0.2712
 43 0.2910 0.0000 0.2651
 44 0.3004 0.0000 0.2589
 45 0.3093 0.0000 0.2526
 46 0.3179 0.0000 0.2461
 47 0.3260 0.0000 0.2395
 48 0.3338 0.0000 0.2327
 49 0.3412 0.0000 0.2259
 50 0.3483 0.0000 0.2189
 51 0.3550 0.0000 0.2119
 52 0.3613 0.0000 0.2048
 53 0.3673 0.0000 0.1977
 54 0.3729 0.0000 0.1905
 55 0.3782 0.0000 0.1833
 56 0.3831 0.0000 0.1760
 57 0.3877 0.0000 0.1687
 58 0.3919 0.0000 0.1614
 59 0.3958 0.0000 0.1541
 60 0.3994 0.0000 0.1468
 61 0.4027 0.0000 0.1395
 62 0.4056 0.0000 0.1322
 63 0.4082 0.0000 0.1249
 64 0.4105 0.0000 0.1176
 65 0.4124 0.0000 0.1103
 66 0.4141 0.0000 0.1030
 67 0.4154 0.0000 0.0956
 68 0.4165 0.0000 0.0882
 69 0.4172 0.0000 0.0807
 70 0.4177 0.0000 0.0727
 71 0.4179 0.0000 0.0641
 72 0.4178 0.0096 0.0547
 73 0.4174 0.0260 0.0442
 74 0.4168 0.0433 0.0326
 75 0.4159 0.0589 0.0212
 76 0.4148 0.0726 0.0101
 77 0.4134 0.0850 0.0000
 78 0.4117 0.0966 0.0000
 79 0.4098 0.1074 0.0000
 80 0.4076 0.1178 0.0000
 81 0.4052 0.1276 0.0000
 82 0.4025 0.1371 0.0000
 83 0.3996 0.1463 0.0000
 84 0.3964 0.1552 0.0000
 85 0.3930 0.1638 0.0000
 86 0.3894 0.1722 0.0000
 87 0.3855 0.1803 0.0000
 88 0.3814 0.1883 0.0000
 89 0.3770 0.1961 0.0000
 90 0.3725 0.2037 0.0000
 91 0.3677 0.2112 0.0000
 92 0.3627 0.2185 0.0000
 93 0.3574 0.2257 0.0000
 94 0.3520 0.2327 0.0000
 95 0.3463 0.2396 0.0000
 96 0.3404 0.2464 0.0000
 97 0.3342 0.2531 0.0000
 98 0.3279 0.2596 0.0000
 99 0.3213 0.2660 0.0000
100 0.3145 0.2723 0.0000
101 0.3074 0.2785 0.0000
102 0.3001 0.2846 0.0000
103 0.2926 0.2906 0.0000
104 0.2848 0.2965 0.0000
105 0.2767 0.3023 0.0000
106 0.2684 0.3080 0.0000
107 0.2598 0.3136 0.0000
108 0.2508 0.3191 0.0000
109 0.2416 0.3245 0.0000
110 0.2320 0.3298 0.0000
111 0.2220 0.3351 0.0000
112 0.2116 0.3403 0.0000
113 0.2007 0.3453 0.0000
114 0.1893 0.3503 0.0000
115 0.1771 0.3553 0.0000
116 0.1640 0.3601 0.0000
117 0.1499 0.3649 0.0050
118 0.1343 0.3696 0.0226
119 0.1168 0.3743 0.0425
120 0.0966 0.3788 0.0613
121 0.0717 0.3833 0.0782
122 0.0372 0.3878 0.0941
123 0.0000 0.3922 0.1093
124 0.0000 0.3965 0.1241
125 0.0000 0.4008 0.1387
126 0.0000 0.4050 0.1531
127 0.0000 0.4091 0.1674
128 0.0000 0.4132 0.1816
129 0.0000 0.4172 0.1959
130 0.0000 0.4212 0.2102
131 0.0000 0.4251 0.2245
132 0.0000 0.4289 0.2389
133 0.0000 0.4327 0.2533
134 0.0000 0.4364 0.2679
135 0.0000 0.4401 0.2824
136 0.0000 0.4437 0.2971
137 0.0000 0.4473 0.3118
138 0.0000 0.4508 0.3266
139 0.0000 0.4543 0.3414
140 0.0000 0.4577 0.3562
141 0.0000 0.4610 0.3711
142 0.0000 0.4643 0.3861
143 0.0000 0.4675 0.4010
144 0.0000 0.4706 0.4159
145 0.0000 0.4737 0.4309
146 0.0000 0.4767 0.4458
147 0.0000 0.4797 0.4606
148 0.0000 0.4825 0.4754
149 0.0000 0.4854 0.4902
150 0.0000 0.4881 0.5048
151 0.0000 0.4908 0.5194
152 0.0000 0.4933 0.5339
153 0.0000 0.4958 0.5482
154 0.0000 0.4983 0.5624
155 0.0000 0.5006 0.5764
156 0.0000 0.5029 0.5902
157 0.0000 0.5050 0.6039
158 0.0000 0.5071 0.6173
159 0.0000 0.5091 0.6305
160 0.0000 0.5110 0.6435
161 0.0000 0.5127 0.6563
162 0.0000 0.5144 0.6687
163 0.0000 0.5160 0.6809
164 0.0000 0.5175 0.6928
165 0.0000 0.5189 0.7044
166 0.0000 0.5201 0.7156
167 0.0000 0.5213 0.7266
168 0.0000 0.5223 0.7371
169 0.0000 0.5232 0.7473
170 0.0000 0.5240 0.7572
171 0.0000 0.5247 0.7666
172 0.0000 0.5253 0.7757
173 0.0000 0.5257 0.7844
174 0.0000 0.5260 0.7926
175 0.0000 0.5262 0.8005
176 0.0000 0.5263 0.8079
177 0.0000 0.5262 0.8148
178 0.0000 0.5260 0.8213
179 0.0000 0.5257 0.8274
180 0.0786 0.5253 0.8330
181 0.1453 0.5247 0.8382
182 0.1922 0.5241 0.8429
183 0.2311 0.5233 0.8471
184 0.2653 0.5224 0.8509
185 0.2965 0.5213 0.8542
186 0.3254 0.5202 0.8570
187 0.3526 0.5190 0.8594
188 0.3785 0.5176 0.8612
189 0.4033 0.5162 0.8627
190 0.4272 0.5146 0.8636
191 0.4502 0.5130 0.8641
192 0.4726 0.5113 0.8641
193 0.4943 0.5095 0.8637
194 0.5153 0.5077 0.8628
195 0.5359 0.5058 0.8615
196 0.5559 0.5038 0.8597
197 0.5754 0.5019 0.8575
198 0.5944 0.4998 0.8549
199 0.6130 0.4978 0.8519
200 0.6311 0.4957 0.8484
201 0.6488 0.4937 0.8446
202 0.6661 0.4916 0.8404
203 0.6829 0.4896 0.8358
204 0.6993 0.4876 0.8308
205 0.7152 0.4857 0.8255
206 0.7308 0.4839 0.8198
207 0.7459 0.4821 0.8138
208 0.7606 0.4804 0.8075
209 0.7748 0.4789 0.8008
210 0.7887 0.4774 0.7939
211 0.8021 0.4761 0.7867
212 0.8150 0.4750 0.7793
213 0.8275 0.4740 0.7716
214 0.8396 0.4733 0.7636
215 0.8513 0.4727 0.7554
216 0.8625 0.4723 0.7471
217 0.8732 0.4722 0.7385
218 0.8835 0.4723 0.7298
219 0.8934 0.4727 0.7209
220 0.9028 0.4733 0.7118
221 0.9118 0.4742 0.7026
222 0.9203 0.4754 0.6933
223 0.9283 0.4769 0.6839
224 0.9360 0.4786 0.6745
225 0.9431 0.4807 0.6649
226 0.9498 0.4831 0.6553
227 0.9561 0.4857 0.6456
228 0.9619 0.4887 0.6360
229 0.9672 0.4920 0.6263
230 0.9721 0.4955 0.6166
231 0.9766 0.4994 0.6069
232 0.9806 0.5035 0.5973
233 0.9842 0.5080 0.5877
234 0.9873 0.5127 0.5782
235 0.9900 0.5176 0.5688
236 0.9923 0.5229 0.5594
237 0.9941 0.5283 0.5501
238 0.9955 0.5340 0.5410
239 0.9965 0.5399 0.5320
240 0.9971 0.5461 0.5231
241 0.9973 0.5524 0.5144
242 0.9970 0.5589 0.5058
243 0.9964 0.5656 0.4975
244 0.9954 0.5725 0.4893
245 0.9940 0.5795 0.4814
246 0.9922 0.5867 0.4737
247 0.9900 0.5940 0.4662
248 0.9874 0.6013 0.4590
249 0.9845 0.6088 0.4520
250 0.9813 0.6164 0.4453
251 0.9776 0.6241 0.4390
252 0.9737 0.6318 0.4329
253 0.9694 0.6396 0.4272
254 0.9648 0.6475 0.4219
255 0.9598 0.6554 0.4169
