# gbpCode colour map
#    type      = linear
#    hue       = 180 degrees
#    radius    = 001 degrees
#    chroma    = 050
#    luminance = 000 to 090
  0 0.0000 0.1128 0.0000
  1 0.0000 0.1151 0.0054
  2 0.0000 0.1174 0.0224
  3 0.0000 0.1196 0.0393
  4 0.0000 0.1217 0.0545
  5 0.0000 0.1237 0.0672
  6 0.0000 0.1257 0.0782
  7 0.0000 0.1276 0.0881
  8 0.0000 0.1294 0.0971
  9 0.0000 0.1312 0.1061
 10 0.0000 0.1330 0.1152
 11 0.0000 0.1347 0.1242
 12 0.0000 0.1363 0.1333
 13 0.0000 0.1379 0.1424
 14 0.0000 0.1395 0.1515
 15 0.0000 0.1411 0.1607
 16 0.0000 0.1426 0.1698
 17 0.0000 0.1441 0.1789
 18 0.0000 0.1455 0.1881
 19 0.0000 0.1469 0.1972
 20 0.0000 0.1483 0.2063
 21 0.0000 0.1497 0.2153
 22 0.0000 0.1510 0.2244
 23 0.0000 0.1524 0.2334
 24 0.0000 0.1537 0.2423
 25 0.0000 0.1552 0.2513
 26 0.0000 0.1567 0.2601
 27 0.0000 0.1583 0.2689
 28 0.0000 0.1600 0.2776
 29 0.0000 0.1617 0.2863
 30 0.0000 0.1635 0.2948
 31 0.0000 0.1654 0.3033
 32 0.0000 0.1673 0.3117
 33 0.0000 0.1693 0.3200
 34 0.0000 0.1714 0.3282
 35 0.0000 0.1735 0.3364
 36 0.0000 0.1757 0.3444
 37 0.0000 0.1779 0.3523
 38 0.0000 0.1802 0.3601
 39 0.0000 0.1825 0.3678
 40 0.0000 0.1850 0.3753
 41 0.0000 0.1874 0.3827
 42 0.0000 0.1898 0.3900
 43 0.0000 0.1921 0.3972
 44 0.0000 0.1943 0.4042
 45 0.0000 0.1966 0.4111
 46 0.0000 0.1987 0.4179
 47 0.0000 0.2008 0.4245
 48 0.0000 0.2028 0.4310
 49 0.0000 0.2047 0.4373
 50 0.0000 0.2066 0.4434
 51 0.0000 0.2084 0.4494
 52 0.0000 0.2102 0.4553
 53 0.0000 0.2119 0.4610
 54 0.0000 0.2135 0.4665
 55 0.0000 0.2150 0.4718
 56 0.0000 0.2165 0.4770
 57 0.0000 0.2179 0.4820
 58 0.0000 0.2192 0.4868
 59 0.0000 0.2205 0.4915
 60 0.0000 0.2216 0.4959
 61 0.0000 0.2227 0.5002
 62 0.0000 0.2238 0.5044
 63 0.0000 0.2247 0.5083
 64 0.0000 0.2256 0.5120
 65 0.0000 0.2264 0.5156
 66 0.0000 0.2271 0.5190
 67 0.0000 0.2278 0.5222
 68 0.0000 0.2284 0.5252
 69 0.0000 0.2289 0.5281
 70 0.0000 0.2293 0.5307
 71 0.0000 0.2297 0.5332
 72 0.0099 0.2300 0.5354
 73 0.0637 0.2302 0.5375
 74 0.1001 0.2304 0.5394
 75 0.1283 0.2305 0.5412
 76 0.1525 0.2305 0.5427
 77 0.1740 0.2305 0.5441
 78 0.1937 0.2304 0.5453
 79 0.2121 0.2303 0.5463
 80 0.2295 0.2301 0.5471
 81 0.2460 0.2298 0.5477
 82 0.2618 0.2295 0.5482
 83 0.2771 0.2292 0.5485
 84 0.2918 0.2288 0.5486
 85 0.3061 0.2284 0.5486
 86 0.3199 0.2279 0.5484
 87 0.3335 0.2274 0.5480
 88 0.3467 0.2269 0.5475
 89 0.3596 0.2263 0.5468
 90 0.3722 0.2258 0.5459
 91 0.3846 0.2252 0.5449
 92 0.3967 0.2246 0.5437
 93 0.4086 0.2240 0.5424
 94 0.4202 0.2234 0.5409
 95 0.4316 0.2229 0.5393
 96 0.4429 0.2223 0.5376
 97 0.4539 0.2218 0.5357
 98 0.4647 0.2213 0.5337
 99 0.4754 0.2209 0.5315
100 0.4858 0.2205 0.5292
101 0.4961 0.2201 0.5268
102 0.5062 0.2198 0.5243
103 0.5161 0.2196 0.5217
104 0.5258 0.2195 0.5189
105 0.5353 0.2194 0.5160
106 0.5447 0.2195 0.5130
107 0.5538 0.2196 0.5100
108 0.5629 0.2199 0.5068
109 0.5717 0.2203 0.5035
110 0.5803 0.2208 0.5001
111 0.5888 0.2214 0.4967
112 0.5971 0.2222 0.4931
113 0.6053 0.2231 0.4895
114 0.6132 0.2241 0.4858
115 0.6210 0.2254 0.4821
116 0.6286 0.2268 0.4782
117 0.6361 0.2283 0.4743
118 0.6433 0.2300 0.4703
119 0.6504 0.2319 0.4663
120 0.6573 0.2340 0.4623
121 0.6640 0.2362 0.4581
122 0.6706 0.2387 0.4540
123 0.6770 0.2413 0.4497
124 0.6832 0.2440 0.4455
125 0.6892 0.2470 0.4412
126 0.6951 0.2501 0.4369
127 0.7008 0.2535 0.4326
128 0.7063 0.2569 0.4282
129 0.7116 0.2606 0.4238
130 0.7168 0.2644 0.4194
131 0.7218 0.2684 0.4150
132 0.7266 0.2725 0.4106
133 0.7312 0.2768 0.4061
134 0.7357 0.2813 0.4017
135 0.7399 0.2859 0.3973
136 0.7441 0.2906 0.3929
137 0.7480 0.2955 0.3885
138 0.7518 0.3005 0.3841
139 0.7554 0.3056 0.3797
140 0.7588 0.3108 0.3753
141 0.7620 0.3162 0.3710
142 0.7651 0.3217 0.3666
143 0.7680 0.3272 0.3624
144 0.7708 0.3329 0.3581
145 0.7733 0.3387 0.3539
146 0.7757 0.3445 0.3497
147 0.7780 0.3505 0.3456
148 0.7800 0.3565 0.3415
149 0.7819 0.3626 0.3374
150 0.7837 0.3687 0.3334
151 0.7853 0.3750 0.3295
152 0.7867 0.3813 0.3256
153 0.7880 0.3876 0.3218
154 0.7891 0.3940 0.3181
155 0.7900 0.4005 0.3144
156 0.7908 0.4070 0.3108
157 0.7914 0.4135 0.3073
158 0.7919 0.4201 0.3039
159 0.7922 0.4267 0.3006
160 0.7924 0.4334 0.2974
161 0.7924 0.4401 0.2942
162 0.7923 0.4468 0.2912
163 0.7920 0.4535 0.2883
164 0.7916 0.4603 0.2855
165 0.7910 0.4670 0.2828
166 0.7903 0.4738 0.2803
167 0.7895 0.4806 0.2779
168 0.7885 0.4875 0.2756
169 0.7873 0.4943 0.2735
170 0.7861 0.5011 0.2716
171 0.7847 0.5079 0.2698
172 0.7831 0.5148 0.2681
173 0.7815 0.5216 0.2667
174 0.7797 0.5285 0.2654
175 0.7778 0.5353 0.2644
176 0.7757 0.5421 0.2635
177 0.7735 0.5489 0.2628
178 0.7712 0.5557 0.2624
179 0.7688 0.5626 0.2621
180 0.7663 0.5693 0.2621
181 0.7636 0.5761 0.2623
182 0.7608 0.5829 0.2628
183 0.7579 0.5897 0.2635
184 0.7549 0.5964 0.2644
185 0.7518 0.6031 0.2656
186 0.7486 0.6098 0.2671
187 0.7452 0.6165 0.2688
188 0.7418 0.6232 0.2708
189 0.7382 0.6298 0.2731
190 0.7345 0.6364 0.2756
191 0.7308 0.6430 0.2784
192 0.7269 0.6496 0.2815
193 0.7229 0.6562 0.2848
194 0.7189 0.6627 0.2884
195 0.7147 0.6692 0.2923
196 0.7104 0.6757 0.2965
197 0.7061 0.6821 0.3009
198 0.7016 0.6885 0.3056
199 0.6971 0.6949 0.3105
200 0.6924 0.7013 0.3157
201 0.6877 0.7076 0.3212
202 0.6828 0.7139 0.3269
203 0.6779 0.7202 0.3329
204 0.6729 0.7264 0.3391
205 0.6678 0.7326 0.3456
206 0.6627 0.7388 0.3523
207 0.6574 0.7450 0.3593
208 0.6521 0.7511 0.3664
209 0.6466 0.7572 0.3739
210 0.6411 0.7632 0.3815
211 0.6355 0.7692 0.3893
212 0.6299 0.7752 0.3974
213 0.6241 0.7812 0.4057
214 0.6183 0.7871 0.4141
215 0.6124 0.7930 0.4228
216 0.6064 0.7988 0.4317
217 0.6003 0.8046 0.4408
218 0.5942 0.8104 0.4500
219 0.5879 0.8161 0.4595
220 0.5816 0.8219 0.4691
221 0.5753 0.8275 0.4789
222 0.5688 0.8332 0.4889
223 0.5623 0.8388 0.4991
224 0.5557 0.8443 0.5094
225 0.5491 0.8499 0.5199
226 0.5423 0.8553 0.5305
227 0.5355 0.8608 0.5413
228 0.5287 0.8662 0.5522
229 0.5217 0.8716 0.5633
230 0.5148 0.8769 0.5745
231 0.5077 0.8822 0.5859
232 0.5006 0.8875 0.5974
233 0.4934 0.8927 0.6090
234 0.4862 0.8979 0.6208
235 0.4789 0.9031 0.6326
236 0.4716 0.9082 0.6446
237 0.4643 0.9133 0.6567
238 0.4569 0.9183 0.6689
239 0.4494 0.9233 0.6812
240 0.4420 0.9282 0.6936
241 0.4345 0.9332 0.7061
242 0.4271 0.9380 0.7187
243 0.4196 0.9429 0.7313
244 0.4122 0.9477 0.7441
245 0.4047 0.9524 0.7569
246 0.3973 0.9571 0.7698
247 0.3900 0.9618 0.7827
248 0.3827 0.9664 0.7957
249 0.3756 0.9710 0.8088
250 0.3685 0.9755 0.8219
251 0.3616 0.9800 0.8350
252 0.3548 0.9845 0.8482
253 0.3482 0.9889 0.8615
254 0.3419 0.9933 0.8747
255 0.3358 0.9976 0.8880
