# gbpCode colour map
#    type      = iso
#    hue       = 210 degrees
#    radius    = 000 degrees
#    chroma    = 050
#    luminance = 067 to 067
  0 0.0000 0.7264 0.8125
  1 0.0000 0.7258 0.8182
  2 0.0000 0.7252 0.8239
  3 0.0000 0.7246 0.8295
  4 0.0000 0.7240 0.8350
  5 0.0000 0.7234 0.8405
  6 0.0000 0.7227 0.8459
  7 0.0000 0.7220 0.8512
  8 0.0000 0.7212 0.8565
  9 0.0000 0.7205 0.8617
 10 0.0000 0.7197 0.8668
 11 0.0000 0.7189 0.8718
 12 0.0000 0.7181 0.8767
 13 0.0000 0.7172 0.8816
 14 0.0000 0.7163 0.8864
 15 0.0000 0.7154 0.8911
 16 0.0000 0.7145 0.8957
 17 0.0000 0.7135 0.9003
 18 0.0000 0.7125 0.9047
 19 0.0000 0.7115 0.9091
 20 0.0000 0.7104 0.9133
 21 0.0000 0.7093 0.9175
 22 0.0000 0.7082 0.9216
 23 0.0000 0.7071 0.9255
 24 0.0000 0.7059 0.9294
 25 0.0000 0.7047 0.9332
 26 0.0000 0.7035 0.9369
 27 0.0000 0.7023 0.9405
 28 0.0000 0.7010 0.9439
 29 0.0000 0.6997 0.9473
 30 0.0000 0.6984 0.9506
 31 0.0000 0.6970 0.9537
 32 0.0000 0.6956 0.9568
 33 0.0000 0.6942 0.9597
 34 0.0000 0.6928 0.9626
 35 0.0236 0.6913 0.9653
 36 0.0788 0.6898 0.9679
 37 0.1146 0.6883 0.9704
 38 0.1428 0.6867 0.9728
 39 0.1669 0.6851 0.9750
 40 0.1884 0.6835 0.9772
 41 0.2080 0.6819 0.9792
 42 0.2263 0.6802 0.9811
 43 0.2434 0.6785 0.9829
 44 0.2597 0.6768 0.9846
 45 0.2753 0.6750 0.9862
 46 0.2902 0.6733 0.9876
 47 0.3046 0.6715 0.9889
 48 0.3185 0.6696 0.9901
 49 0.3321 0.6678 0.9912
 50 0.3452 0.6659 0.9922
 51 0.3581 0.6640 0.9930
 52 0.3706 0.6620 0.9938
 53 0.3829 0.6601 0.9943
 54 0.3950 0.6581 0.9948
 55 0.4068 0.6561 0.9952
 56 0.4184 0.6540 0.9954
 57 0.4298 0.6520 0.9955
 58 0.4410 0.6499 0.9955
 59 0.4520 0.6478 0.9954
 60 0.4629 0.6456 0.9951
 61 0.4736 0.6435 0.9947
 62 0.4842 0.6413 0.9942
 63 0.4946 0.6391 0.9936
 64 0.5049 0.6369 0.9928
 65 0.5150 0.6346 0.9920
 66 0.5250 0.6323 0.9910
 67 0.5349 0.6301 0.9899
 68 0.5447 0.6278 0.9887
 69 0.5543 0.6254 0.9873
 70 0.5638 0.6231 0.9858
 71 0.5732 0.6207 0.9843
 72 0.5825 0.6184 0.9826
 73 0.5917 0.6160 0.9807
 74 0.6007 0.6136 0.9788
 75 0.6097 0.6112 0.9768
 76 0.6185 0.6087 0.9746
 77 0.6272 0.6063 0.9723
 78 0.6358 0.6039 0.9699
 79 0.6443 0.6014 0.9674
 80 0.6527 0.5989 0.9648
 81 0.6610 0.5964 0.9621
 82 0.6692 0.5940 0.9593
 83 0.6773 0.5915 0.9563
 84 0.6853 0.5890 0.9533
 85 0.6931 0.5865 0.9501
 86 0.7009 0.5840 0.9469
 87 0.7085 0.5815 0.9435
 88 0.7161 0.5790 0.9401
 89 0.7235 0.5765 0.9365
 90 0.7309 0.5740 0.9328
 91 0.7381 0.5715 0.9291
 92 0.7452 0.5690 0.9252
 93 0.7522 0.5665 0.9213
 94 0.7591 0.5641 0.9173
 95 0.7659 0.5616 0.9131
 96 0.7726 0.5591 0.9089
 97 0.7792 0.5567 0.9046
 98 0.7856 0.5543 0.9002
 99 0.7920 0.5519 0.8957
100 0.7982 0.5495 0.8912
101 0.8043 0.5471 0.8865
102 0.8104 0.5448 0.8818
103 0.8163 0.5424 0.8770
104 0.8221 0.5401 0.8721
105 0.8278 0.5378 0.8672
106 0.8333 0.5356 0.8621
107 0.8388 0.5334 0.8570
108 0.8441 0.5312 0.8519
109 0.8494 0.5290 0.8466
110 0.8545 0.5269 0.8413
111 0.8595 0.5248 0.8359
112 0.8644 0.5227 0.8305
113 0.8691 0.5207 0.8250
114 0.8738 0.5188 0.8195
115 0.8783 0.5168 0.8139
116 0.8828 0.5149 0.8082
117 0.8871 0.5131 0.8025
118 0.8913 0.5113 0.7968
119 0.8953 0.5096 0.7909
120 0.8993 0.5079 0.7851
121 0.9031 0.5063 0.7792
122 0.9068 0.5047 0.7732
123 0.9104 0.5032 0.7673
124 0.9139 0.5017 0.7612
125 0.9173 0.5003 0.7552
126 0.9205 0.4989 0.7491
127 0.9237 0.4976 0.7430
128 0.9267 0.4964 0.7368
129 0.9296 0.4953 0.7306
130 0.9324 0.4942 0.7244
131 0.9350 0.4932 0.7182
132 0.9376 0.4922 0.7119
133 0.9400 0.4913 0.7056
134 0.9423 0.4905 0.6994
135 0.9445 0.4897 0.6930
136 0.9465 0.4891 0.6867
137 0.9485 0.4885 0.6804
138 0.9503 0.4879 0.6740
139 0.9520 0.4875 0.6677
140 0.9536 0.4871 0.6613
141 0.9551 0.4868 0.6549
142 0.9565 0.4866 0.6485
143 0.9577 0.4864 0.6422
144 0.9589 0.4863 0.6358
145 0.9599 0.4863 0.6294
146 0.9608 0.4864 0.6230
147 0.9616 0.4865 0.6167
148 0.9623 0.4867 0.6103
149 0.9628 0.4870 0.6039
150 0.9633 0.4874 0.5976
151 0.9636 0.4878 0.5913
152 0.9638 0.4883 0.5850
153 0.9639 0.4889 0.5787
154 0.9639 0.4896 0.5724
155 0.9638 0.4903 0.5661
156 0.9636 0.4911 0.5599
157 0.9633 0.4920 0.5537
158 0.9628 0.4929 0.5475
159 0.9623 0.4939 0.5413
160 0.9616 0.4950 0.5352
161 0.9608 0.4961 0.5291
162 0.9600 0.4973 0.5230
163 0.9590 0.4985 0.5170
164 0.9579 0.4998 0.5110
165 0.9567 0.5012 0.5050
166 0.9554 0.5026 0.4990
167 0.9540 0.5041 0.4931
168 0.9525 0.5056 0.4873
169 0.9509 0.5072 0.4815
170 0.9492 0.5089 0.4757
171 0.9474 0.5105 0.4700
172 0.9456 0.5123 0.4643
173 0.9436 0.5141 0.4586
174 0.9415 0.5159 0.4530
175 0.9393 0.5178 0.4475
176 0.9370 0.5197 0.4420
177 0.9346 0.5216 0.4366
178 0.9322 0.5236 0.4312
179 0.9296 0.5256 0.4259
180 0.9270 0.5277 0.4206
181 0.9242 0.5298 0.4154
182 0.9214 0.5319 0.4102
183 0.9185 0.5340 0.4051
184 0.9155 0.5362 0.4001
185 0.9124 0.5384 0.3951
186 0.9092 0.5406 0.3902
187 0.9059 0.5429 0.3854
188 0.9026 0.5451 0.3807
189 0.8992 0.5474 0.3760
190 0.8957 0.5497 0.3713
191 0.8921 0.5520 0.3668
192 0.8884 0.5544 0.3623
193 0.8847 0.5567 0.3579
194 0.8808 0.5591 0.3536
195 0.8769 0.5614 0.3494
196 0.8730 0.5638 0.3453
197 0.8689 0.5662 0.3412
198 0.8648 0.5686 0.3372
199 0.8606 0.5710 0.3333
200 0.8563 0.5734 0.3296
201 0.8520 0.5758 0.3259
202 0.8476 0.5782 0.3223
203 0.8431 0.5806 0.3187
204 0.8386 0.5830 0.3153
205 0.8340 0.5854 0.3120
206 0.8293 0.5878 0.3088
207 0.8246 0.5902 0.3057
208 0.8198 0.5926 0.3028
209 0.8149 0.5950 0.2999
210 0.8100 0.5974 0.2971
211 0.8050 0.5998 0.2945
212 0.8000 0.6021 0.2920
213 0.7949 0.6045 0.2896
214 0.7897 0.6068 0.2873
215 0.7845 0.6092 0.2851
216 0.7793 0.6115 0.2831
217 0.7739 0.6138 0.2812
218 0.7686 0.6161 0.2795
219 0.7631 0.6184 0.2778
220 0.7577 0.6206 0.2764
221 0.7521 0.6229 0.2750
222 0.7465 0.6251 0.2738
223 0.7409 0.6273 0.2727
224 0.7352 0.6295 0.2718
225 0.7295 0.6317 0.2710
226 0.7237 0.6339 0.2704
227 0.7179 0.6360 0.2699
228 0.7120 0.6382 0.2696
229 0.7061 0.6403 0.2694
230 0.7001 0.6423 0.2694
231 0.6941 0.6444 0.2695
232 0.6881 0.6465 0.2698
233 0.6820 0.6485 0.2703
234 0.6758 0.6505 0.2708
235 0.6697 0.6525 0.2716
236 0.6634 0.6544 0.2725
237 0.6572 0.6563 0.2735
238 0.6509 0.6583 0.2747
239 0.6445 0.6601 0.2760
240 0.6381 0.6620 0.2775
241 0.6317 0.6639 0.2791
242 0.6252 0.6657 0.2809
243 0.6187 0.6675 0.2828
244 0.6121 0.6692 0.2849
245 0.6055 0.6710 0.2871
246 0.5989 0.6727 0.2894
247 0.5922 0.6744 0.2919
248 0.5855 0.6761 0.2945
249 0.5787 0.6777 0.2973
250 0.5719 0.6793 0.3001
251 0.5650 0.6809 0.3031
252 0.5581 0.6825 0.3062
253 0.5512 0.6841 0.3095
254 0.5442 0.6856 0.3129
255 0.5371 0.6871 0.3163
