# gbpCode colour map
#    type      = linear
#    hue       = 180 degrees
#    radius    = 000 degrees
#    chroma    = 050
#    luminance = 000 to 067
  0 0.0000 0.1128 0.0000
  1 0.0000 0.1143 0.0000
  2 0.0000 0.1159 0.0000
  3 0.0000 0.1173 0.0000
  4 0.0000 0.1188 0.0000
  5 0.0000 0.1202 0.0000
  6 0.0000 0.1215 0.0000
  7 0.0000 0.1229 0.0000
  8 0.0000 0.1242 0.0000
  9 0.0000 0.1254 0.0000
 10 0.0000 0.1266 0.0000
 11 0.0000 0.1278 0.0000
 12 0.0000 0.1290 0.0000
 13 0.0000 0.1301 0.0000
 14 0.0000 0.1312 0.0000
 15 0.0000 0.1323 0.0000
 16 0.0000 0.1334 0.0000
 17 0.0000 0.1344 0.0000
 18 0.0000 0.1354 0.0000
 19 0.0000 0.1363 0.0000
 20 0.0000 0.1373 0.0000
 21 0.0000 0.1382 0.0000
 22 0.0000 0.1391 0.0000
 23 0.0000 0.1400 0.0000
 24 0.0000 0.1408 0.0000
 25 0.0000 0.1417 0.0000
 26 0.0000 0.1425 0.0000
 27 0.0000 0.1432 0.0000
 28 0.0000 0.1440 0.0000
 29 0.0000 0.1448 0.0000
 30 0.0000 0.1455 0.0000
 31 0.0000 0.1462 0.0000
 32 0.0000 0.1470 0.0000
 33 0.0000 0.1478 0.0000
 34 0.0000 0.1486 0.0000
 35 0.0000 0.1494 0.0000
 36 0.0000 0.1503 0.0000
 37 0.0000 0.1513 0.0000
 38 0.0000 0.1523 0.0000
 39 0.0000 0.1533 0.0000
 40 0.0000 0.1543 0.0000
 41 0.0000 0.1554 0.0000
 42 0.0000 0.1565 0.0000
 43 0.0000 0.1577 0.0000
 44 0.0000 0.1589 0.0000
 45 0.0000 0.1602 0.0000
 46 0.0000 0.1614 0.0000
 47 0.0000 0.1627 0.0000
 48 0.0000 0.1641 0.0000
 49 0.0000 0.1655 0.0000
 50 0.0000 0.1669 0.0000
 51 0.0027 0.1684 0.0000
 52 0.0127 0.1699 0.0000
 53 0.0225 0.1714 0.0000
 54 0.0323 0.1730 0.0000
 55 0.0421 0.1745 0.0000
 56 0.0515 0.1761 0.0000
 57 0.0603 0.1776 0.0000
 58 0.0687 0.1791 0.0000
 59 0.0768 0.1806 0.0000
 60 0.0847 0.1820 0.0000
 61 0.0923 0.1834 0.0000
 62 0.0998 0.1847 0.0000
 63 0.1071 0.1861 0.0000
 64 0.1144 0.1874 0.0000
 65 0.1215 0.1886 0.0000
 66 0.1286 0.1898 0.0000
 67 0.1356 0.1910 0.0000
 68 0.1425 0.1922 0.0000
 69 0.1495 0.1933 0.0000
 70 0.1563 0.1944 0.0000
 71 0.1632 0.1954 0.0000
 72 0.1700 0.1964 0.0000
 73 0.1768 0.1974 0.0000
 74 0.1836 0.1984 0.0000
 75 0.1903 0.1993 0.0000
 76 0.1971 0.2001 0.0000
 77 0.2038 0.2009 0.0000
 78 0.2105 0.2017 0.0000
 79 0.2173 0.2025 0.0000
 80 0.2240 0.2032 0.0000
 81 0.2307 0.2038 0.0000
 82 0.2374 0.2045 0.0000
 83 0.2441 0.2051 0.0000
 84 0.2507 0.2056 0.0000
 85 0.2574 0.2061 0.0000
 86 0.2641 0.2066 0.0000
 87 0.2708 0.2071 0.0000
 88 0.2774 0.2075 0.0000
 89 0.2841 0.2078 0.0000
 90 0.2908 0.2082 0.0000
 91 0.2974 0.2085 0.0000
 92 0.3041 0.2087 0.0000
 93 0.3107 0.2089 0.0000
 94 0.3173 0.2091 0.0000
 95 0.3239 0.2093 0.0000
 96 0.3306 0.2094 0.0000
 97 0.3372 0.2094 0.0000
 98 0.3438 0.2095 0.0000
 99 0.3503 0.2095 0.0000
100 0.3569 0.2095 0.0000
101 0.3635 0.2094 0.0000
102 0.3700 0.2093 0.0000
103 0.3765 0.2092 0.0000
104 0.3830 0.2091 0.0000
105 0.3895 0.2089 0.0000
106 0.3960 0.2087 0.0000
107 0.4024 0.2085 0.0000
108 0.4089 0.2082 0.0000
109 0.4153 0.2080 0.0000
110 0.4217 0.2077 0.0000
111 0.4280 0.2073 0.0000
112 0.4344 0.2070 0.0000
113 0.4407 0.2067 0.0000
114 0.4470 0.2063 0.0000
115 0.4532 0.2059 0.0000
116 0.4595 0.2055 0.0000
117 0.4657 0.2051 0.0042
118 0.4718 0.2047 0.0125
119 0.4780 0.2043 0.0209
120 0.4841 0.2039 0.0295
121 0.4901 0.2035 0.0388
122 0.4961 0.2031 0.0481
123 0.5020 0.2027 0.0569
124 0.5079 0.2023 0.0653
125 0.5138 0.2019 0.0734
126 0.5196 0.2015 0.0814
127 0.5253 0.2012 0.0891
128 0.5309 0.2009 0.0968
129 0.5365 0.2006 0.1043
130 0.5421 0.2003 0.1118
131 0.5475 0.2001 0.1192
132 0.5530 0.1999 0.1266
133 0.5583 0.1998 0.1340
134 0.5636 0.1996 0.1413
135 0.5688 0.1996 0.1487
136 0.5739 0.1996 0.1561
137 0.5790 0.1996 0.1635
138 0.5840 0.1997 0.1708
139 0.5889 0.1999 0.1783
140 0.5937 0.2001 0.1857
141 0.5985 0.2004 0.1932
142 0.6031 0.2007 0.2006
143 0.6077 0.2012 0.2082
144 0.6122 0.2017 0.2157
145 0.6167 0.2023 0.2233
146 0.6210 0.2030 0.2310
147 0.6253 0.2037 0.2386
148 0.6295 0.2046 0.2463
149 0.6335 0.2055 0.2541
150 0.6375 0.2066 0.2618
151 0.6414 0.2077 0.2697
152 0.6453 0.2090 0.2775
153 0.6490 0.2103 0.2854
154 0.6526 0.2117 0.2933
155 0.6561 0.2133 0.3013
156 0.6595 0.2149 0.3093
157 0.6629 0.2167 0.3173
158 0.6661 0.2185 0.3254
159 0.6692 0.2205 0.3335
160 0.6723 0.2225 0.3417
161 0.6752 0.2247 0.3498
162 0.6780 0.2270 0.3580
163 0.6807 0.2293 0.3663
164 0.6834 0.2318 0.3745
165 0.6859 0.2344 0.3828
166 0.6883 0.2370 0.3911
167 0.6905 0.2398 0.3995
168 0.6927 0.2427 0.4078
169 0.6948 0.2457 0.4162
170 0.6968 0.2487 0.4246
171 0.6986 0.2519 0.4330
172 0.7003 0.2551 0.4414
173 0.7020 0.2585 0.4498
174 0.7035 0.2619 0.4583
175 0.7049 0.2654 0.4667
176 0.7061 0.2690 0.4752
177 0.7073 0.2727 0.4837
178 0.7083 0.2764 0.4922
179 0.7093 0.2802 0.5006
180 0.7101 0.2841 0.5091
181 0.7108 0.2881 0.5176
182 0.7113 0.2921 0.5260
183 0.7118 0.2962 0.5345
184 0.7121 0.3004 0.5430
185 0.7123 0.3046 0.5514
186 0.7124 0.3089 0.5598
187 0.7124 0.3132 0.5682
188 0.7122 0.3176 0.5766
189 0.7119 0.3221 0.5850
190 0.7116 0.3266 0.5934
191 0.7110 0.3311 0.6017
192 0.7104 0.3357 0.6100
193 0.7096 0.3403 0.6183
194 0.7087 0.3450 0.6265
195 0.7077 0.3497 0.6348
196 0.7066 0.3545 0.6429
197 0.7053 0.3593 0.6511
198 0.7040 0.3641 0.6592
199 0.7024 0.3689 0.6673
200 0.7008 0.3738 0.6753
201 0.6991 0.3787 0.6832
202 0.6972 0.3837 0.6912
203 0.6952 0.3887 0.6991
204 0.6931 0.3936 0.7069
205 0.6908 0.3987 0.7147
206 0.6885 0.4037 0.7224
207 0.6860 0.4087 0.7300
208 0.6834 0.4138 0.7376
209 0.6806 0.4189 0.7452
210 0.6778 0.4240 0.7526
211 0.6748 0.4291 0.7601
212 0.6717 0.4342 0.7674
213 0.6684 0.4394 0.7747
214 0.6651 0.4445 0.7819
215 0.6616 0.4497 0.7890
216 0.6580 0.4548 0.7960
217 0.6543 0.4600 0.8030
218 0.6505 0.4652 0.8099
219 0.6465 0.4704 0.8167
220 0.6425 0.4755 0.8234
221 0.6383 0.4807 0.8301
222 0.6340 0.4859 0.8366
223 0.6295 0.4911 0.8431
224 0.6250 0.4963 0.8495
225 0.6203 0.5014 0.8558
226 0.6155 0.5066 0.8620
227 0.6106 0.5118 0.8681
228 0.6056 0.5170 0.8741
229 0.6005 0.5221 0.8800
230 0.5952 0.5273 0.8858
231 0.5899 0.5324 0.8915
232 0.5844 0.5376 0.8971
233 0.5788 0.5427 0.9026
234 0.5731 0.5479 0.9080
235 0.5672 0.5530 0.9133
236 0.5613 0.5581 0.9185
237 0.5552 0.5632 0.9235
238 0.5490 0.5683 0.9285
239 0.5427 0.5734 0.9334
240 0.5363 0.5784 0.9381
241 0.5298 0.5835 0.9428
242 0.5232 0.5885 0.9473
243 0.5164 0.5935 0.9517
244 0.5095 0.5986 0.9560
245 0.5025 0.6035 0.9602
246 0.4954 0.6085 0.9642
247 0.4882 0.6135 0.9682
248 0.4809 0.6185 0.9720
249 0.4734 0.6234 0.9757
250 0.4658 0.6283 0.9793
251 0.4581 0.6332 0.9828
252 0.4503 0.6381 0.9862
253 0.4423 0.6430 0.9894
254 0.4342 0.6478 0.9925
255 0.4260 0.6526 0.9955
