# gbpCode colour map
#    type      = iso
#    hue       = 150 degrees
#    radius    = 000 degrees
#    chroma    = 050
#    luminance = 067 to 067
  0 0.3076 0.7191 0.4536
  1 0.2977 0.7199 0.4595
  2 0.2874 0.7206 0.4655
  3 0.2769 0.7214 0.4714
  4 0.2661 0.7221 0.4775
  5 0.2549 0.7227 0.4836
  6 0.2433 0.7234 0.4897
  7 0.2312 0.7240 0.4958
  8 0.2186 0.7246 0.5020
  9 0.2054 0.7252 0.5083
 10 0.1914 0.7258 0.5146
 11 0.1764 0.7263 0.5209
 12 0.1603 0.7268 0.5272
 13 0.1426 0.7273 0.5336
 14 0.1228 0.7278 0.5400
 15 0.0997 0.7282 0.5464
 16 0.0711 0.7287 0.5529
 17 0.0297 0.7291 0.5594
 18 0.0000 0.7294 0.5659
 19 0.0000 0.7298 0.5724
 20 0.0000 0.7301 0.5789
 21 0.0000 0.7304 0.5855
 22 0.0000 0.7307 0.5920
 23 0.0000 0.7310 0.5986
 24 0.0000 0.7312 0.6052
 25 0.0000 0.7314 0.6118
 26 0.0000 0.7316 0.6184
 27 0.0000 0.7318 0.6250
 28 0.0000 0.7320 0.6316
 29 0.0000 0.7321 0.6381
 30 0.0000 0.7322 0.6447
 31 0.0000 0.7323 0.6513
 32 0.0000 0.7323 0.6579
 33 0.0000 0.7324 0.6645
 34 0.0000 0.7324 0.6711
 35 0.0000 0.7324 0.6776
 36 0.0000 0.7323 0.6841
 37 0.0000 0.7323 0.6907
 38 0.0000 0.7322 0.6972
 39 0.0000 0.7321 0.7037
 40 0.0000 0.7320 0.7101
 41 0.0000 0.7318 0.7165
 42 0.0000 0.7316 0.7230
 43 0.0000 0.7314 0.7293
 44 0.0000 0.7312 0.7357
 45 0.0000 0.7310 0.7420
 46 0.0000 0.7307 0.7483
 47 0.0000 0.7304 0.7545
 48 0.0000 0.7301 0.7607
 49 0.0000 0.7298 0.7669
 50 0.0000 0.7294 0.7730
 51 0.0000 0.7290 0.7791
 52 0.0000 0.7286 0.7851
 53 0.0000 0.7282 0.7911
 54 0.0000 0.7277 0.7970
 55 0.0000 0.7272 0.8029
 56 0.0000 0.7267 0.8087
 57 0.0000 0.7262 0.8144
 58 0.0000 0.7256 0.8201
 59 0.0000 0.7250 0.8258
 60 0.0000 0.7244 0.8313
 61 0.0000 0.7238 0.8369
 62 0.0000 0.7231 0.8423
 63 0.0000 0.7224 0.8477
 64 0.0000 0.7217 0.8530
 65 0.0000 0.7210 0.8582
 66 0.0000 0.7202 0.8634
 67 0.0000 0.7194 0.8684
 68 0.0000 0.7186 0.8735
 69 0.0000 0.7178 0.8784
 70 0.0000 0.7169 0.8832
 71 0.0000 0.7160 0.8880
 72 0.0000 0.7151 0.8927
 73 0.0000 0.7141 0.8973
 74 0.0000 0.7132 0.9018
 75 0.0000 0.7122 0.9062
 76 0.0000 0.7111 0.9105
 77 0.0000 0.7101 0.9147
 78 0.0000 0.7090 0.9189
 79 0.0000 0.7079 0.9229
 80 0.0000 0.7067 0.9268
 81 0.0000 0.7055 0.9307
 82 0.0000 0.7043 0.9344
 83 0.0000 0.7031 0.9381
 84 0.0000 0.7019 0.9416
 85 0.0000 0.7006 0.9451
 86 0.0000 0.6993 0.9484
 87 0.0000 0.6979 0.9516
 88 0.0000 0.6966 0.9548
 89 0.0000 0.6952 0.9578
 90 0.0000 0.6937 0.9607
 91 0.0000 0.6923 0.9635
 92 0.0456 0.6908 0.9662
 93 0.0920 0.6893 0.9687
 94 0.1246 0.6878 0.9712
 95 0.1512 0.6862 0.9735
 96 0.1743 0.6846 0.9758
 97 0.1951 0.6830 0.9779
 98 0.2143 0.6813 0.9799
 99 0.2321 0.6796 0.9817
100 0.2490 0.6779 0.9835
101 0.2650 0.6762 0.9851
102 0.2803 0.6745 0.9867
103 0.2950 0.6727 0.9881
104 0.3093 0.6708 0.9894
105 0.3231 0.6690 0.9905
106 0.3365 0.6671 0.9916
107 0.3495 0.6652 0.9925
108 0.3623 0.6633 0.9933
109 0.3748 0.6614 0.9940
110 0.3870 0.6594 0.9945
111 0.3989 0.6574 0.9950
112 0.4107 0.6554 0.9953
113 0.4222 0.6533 0.9955
114 0.4335 0.6513 0.9955
115 0.4447 0.6492 0.9955
116 0.4557 0.6470 0.9953
117 0.4665 0.6449 0.9950
118 0.4772 0.6427 0.9946
119 0.4877 0.6405 0.9940
120 0.4981 0.6383 0.9934
121 0.5083 0.6361 0.9926
122 0.5184 0.6339 0.9917
123 0.5284 0.6316 0.9906
124 0.5382 0.6293 0.9895
125 0.5479 0.6270 0.9882
126 0.5575 0.6247 0.9868
127 0.5670 0.6223 0.9853
128 0.5763 0.6200 0.9837
129 0.5856 0.6176 0.9820
130 0.5947 0.6152 0.9801
131 0.6037 0.6128 0.9781
132 0.6126 0.6104 0.9761
133 0.6214 0.6079 0.9739
134 0.6301 0.6055 0.9715
135 0.6387 0.6030 0.9691
136 0.6472 0.6006 0.9666
137 0.6555 0.5981 0.9639
138 0.6638 0.5956 0.9612
139 0.6719 0.5931 0.9583
140 0.6800 0.5906 0.9553
141 0.6879 0.5881 0.9522
142 0.6957 0.5857 0.9491
143 0.7035 0.5832 0.9458
144 0.7111 0.5806 0.9424
145 0.7186 0.5781 0.9389
146 0.7260 0.5757 0.9353
147 0.7333 0.5732 0.9316
148 0.7405 0.5707 0.9278
149 0.7475 0.5682 0.9239
150 0.7545 0.5657 0.9200
151 0.7614 0.5632 0.9159
152 0.7681 0.5608 0.9117
153 0.7748 0.5583 0.9075
154 0.7813 0.5559 0.9031
155 0.7877 0.5535 0.8987
156 0.7941 0.5511 0.8942
157 0.8003 0.5487 0.8896
158 0.8064 0.5463 0.8850
159 0.8123 0.5440 0.8802
160 0.8182 0.5417 0.8754
161 0.8240 0.5394 0.8705
162 0.8296 0.5371 0.8655
163 0.8352 0.5348 0.8604
164 0.8406 0.5326 0.8553
165 0.8459 0.5304 0.8501
166 0.8511 0.5283 0.8449
167 0.8562 0.5262 0.8395
168 0.8611 0.5241 0.8341
169 0.8660 0.5221 0.8287
170 0.8707 0.5201 0.8232
171 0.8753 0.5181 0.8176
172 0.8798 0.5162 0.8120
173 0.8842 0.5143 0.8063
174 0.8885 0.5125 0.8006
175 0.8926 0.5107 0.7948
176 0.8967 0.5090 0.7890
177 0.9006 0.5073 0.7831
178 0.9044 0.5057 0.7772
179 0.9081 0.5042 0.7713
180 0.9116 0.5027 0.7653
181 0.9151 0.5012 0.7592
182 0.9184 0.4998 0.7532
183 0.9216 0.4985 0.7471
184 0.9247 0.4972 0.7409
185 0.9277 0.4960 0.7348
186 0.9305 0.4949 0.7286
187 0.9333 0.4938 0.7223
188 0.9359 0.4928 0.7161
189 0.9384 0.4919 0.7098
190 0.9408 0.4910 0.7036
191 0.9430 0.4902 0.6972
192 0.9452 0.4895 0.6909
193 0.9472 0.4889 0.6846
194 0.9491 0.4883 0.6783
195 0.9509 0.4878 0.6719
196 0.9526 0.4873 0.6655
197 0.9541 0.4870 0.6592
198 0.9556 0.4867 0.6528
199 0.9569 0.4865 0.6464
200 0.9581 0.4864 0.6400
201 0.9592 0.4863 0.6336
202 0.9602 0.4863 0.6273
203 0.9611 0.4864 0.6209
204 0.9618 0.4866 0.6145
205 0.9625 0.4868 0.6082
206 0.9630 0.4871 0.6018
207 0.9634 0.4875 0.5955
208 0.9637 0.4880 0.5892
209 0.9639 0.4885 0.5829
210 0.9639 0.4891 0.5766
211 0.9639 0.4898 0.5703
212 0.9637 0.4906 0.5641
213 0.9635 0.4914 0.5578
214 0.9631 0.4923 0.5516
215 0.9626 0.4932 0.5454
216 0.9621 0.4942 0.5393
217 0.9614 0.4953 0.5332
218 0.9606 0.4965 0.5271
219 0.9596 0.4977 0.5210
220 0.9586 0.4989 0.5150
221 0.9575 0.5003 0.5090
222 0.9563 0.5017 0.5030
223 0.9550 0.5031 0.4971
224 0.9535 0.5046 0.4912
225 0.9520 0.5062 0.4853
226 0.9504 0.5078 0.4795
227 0.9487 0.5094 0.4738
228 0.9468 0.5111 0.4681
229 0.9449 0.5129 0.4624
230 0.9429 0.5147 0.4568
231 0.9408 0.5165 0.4512
232 0.9385 0.5184 0.4457
233 0.9362 0.5203 0.4402
234 0.9338 0.5223 0.4348
235 0.9313 0.5243 0.4294
236 0.9287 0.5263 0.4241
237 0.9261 0.5284 0.4188
238 0.9233 0.5305 0.4136
239 0.9204 0.5326 0.4085
240 0.9175 0.5347 0.4034
241 0.9145 0.5369 0.3984
242 0.9113 0.5391 0.3935
243 0.9081 0.5414 0.3886
244 0.9048 0.5436 0.3838
245 0.9015 0.5459 0.3791
246 0.8980 0.5482 0.3744
247 0.8945 0.5505 0.3698
248 0.8909 0.5528 0.3653
249 0.8872 0.5551 0.3609
250 0.8834 0.5575 0.3565
251 0.8796 0.5599 0.3522
252 0.8756 0.5622 0.3480
253 0.8716 0.5646 0.3439
254 0.8676 0.5670 0.3399
255 0.8634 0.5694 0.3359
