# gbpCode colour map
#    type      = linear
#    hue       = 060 degrees
#    radius    = -01 degrees
#    chroma    = 050
#    luminance = 000 to 070
  0 0.1920 0.0000 0.0000
  1 0.1962 0.0000 0.0000
  2 0.2003 0.0000 0.0000
  3 0.2041 0.0000 0.0000
  4 0.2077 0.0000 0.0000
  5 0.2114 0.0000 0.0000
  6 0.2152 0.0000 0.0000
  7 0.2190 0.0000 0.0000
  8 0.2229 0.0000 0.0000
  9 0.2269 0.0000 0.0000
 10 0.2309 0.0000 0.0000
 11 0.2348 0.0000 0.0000
 12 0.2388 0.0000 0.0000
 13 0.2427 0.0000 0.0000
 14 0.2466 0.0000 0.0000
 15 0.2504 0.0000 0.0000
 16 0.2542 0.0000 0.0000
 17 0.2578 0.0000 0.0000
 18 0.2614 0.0000 0.0000
 19 0.2648 0.0000 0.0000
 20 0.2682 0.0000 0.0000
 21 0.2714 0.0000 0.0000
 22 0.2745 0.0000 0.0000
 23 0.2774 0.0000 0.0121
 24 0.2802 0.0000 0.0340
 25 0.2828 0.0000 0.0543
 26 0.2852 0.0000 0.0704
 27 0.2874 0.0000 0.0842
 28 0.2895 0.0000 0.0962
 29 0.2914 0.0000 0.1072
 30 0.2929 0.0000 0.1182
 31 0.2940 0.0000 0.1293
 32 0.2948 0.0000 0.1406
 33 0.2952 0.0000 0.1519
 34 0.2952 0.0000 0.1633
 35 0.2947 0.0000 0.1747
 36 0.2939 0.0000 0.1862
 37 0.2926 0.0000 0.1977
 38 0.2909 0.0000 0.2092
 39 0.2888 0.0000 0.2207
 40 0.2862 0.0000 0.2321
 41 0.2831 0.0000 0.2435
 42 0.2796 0.0000 0.2548
 43 0.2756 0.0000 0.2660
 44 0.2710 0.0000 0.2770
 45 0.2660 0.0000 0.2880
 46 0.2604 0.0000 0.2988
 47 0.2543 0.0000 0.3094
 48 0.2475 0.0000 0.3199
 49 0.2402 0.0105 0.3302
 50 0.2322 0.0247 0.3402
 51 0.2235 0.0395 0.3500
 52 0.2141 0.0534 0.3596
 53 0.2039 0.0655 0.3689
 54 0.1927 0.0765 0.3779
 55 0.1805 0.0866 0.3867
 56 0.1670 0.0961 0.3951
 57 0.1520 0.1050 0.4033
 58 0.1352 0.1135 0.4111
 59 0.1158 0.1215 0.4186
 60 0.0925 0.1293 0.4257
 61 0.0625 0.1367 0.4325
 62 0.0182 0.1439 0.4389
 63 0.0000 0.1508 0.4450
 64 0.0000 0.1575 0.4506
 65 0.0000 0.1641 0.4559
 66 0.0000 0.1704 0.4608
 67 0.0000 0.1765 0.4653
 68 0.0000 0.1825 0.4694
 69 0.0000 0.1883 0.4731
 70 0.0000 0.1939 0.4763
 71 0.0000 0.1995 0.4792
 72 0.0000 0.2048 0.4816
 73 0.0000 0.2101 0.4836
 74 0.0000 0.2152 0.4852
 75 0.0000 0.2202 0.4864
 76 0.0000 0.2251 0.4872
 77 0.0000 0.2299 0.4875
 78 0.0000 0.2346 0.4875
 79 0.0000 0.2392 0.4870
 80 0.0000 0.2436 0.4861
 81 0.0000 0.2480 0.4848
 82 0.0000 0.2523 0.4832
 83 0.0000 0.2565 0.4811
 84 0.0000 0.2607 0.4786
 85 0.0000 0.2647 0.4758
 86 0.0000 0.2687 0.4726
 87 0.0000 0.2726 0.4691
 88 0.0000 0.2764 0.4652
 89 0.0000 0.2802 0.4609
 90 0.0000 0.2839 0.4563
 91 0.0000 0.2875 0.4514
 92 0.0000 0.2911 0.4462
 93 0.0000 0.2946 0.4407
 94 0.0000 0.2981 0.4349
 95 0.0000 0.3015 0.4288
 96 0.0000 0.3048 0.4224
 97 0.0000 0.3081 0.4158
 98 0.0000 0.3114 0.4089
 99 0.0000 0.3146 0.4018
100 0.0000 0.3177 0.3945
101 0.0000 0.3209 0.3870
102 0.0000 0.3239 0.3793
103 0.0000 0.3269 0.3714
104 0.0000 0.3299 0.3634
105 0.0000 0.3329 0.3552
106 0.0000 0.3357 0.3468
107 0.0000 0.3386 0.3383
108 0.0000 0.3414 0.3297
109 0.0000 0.3441 0.3210
110 0.0000 0.3469 0.3122
111 0.0000 0.3495 0.3033
112 0.0000 0.3521 0.2944
113 0.0000 0.3547 0.2854
114 0.0000 0.3572 0.2763
115 0.0000 0.3597 0.2672
116 0.0000 0.3621 0.2580
117 0.0000 0.3645 0.2488
118 0.0000 0.3668 0.2396
119 0.0000 0.3690 0.2304
120 0.0000 0.3712 0.2211
121 0.0000 0.3734 0.2119
122 0.0000 0.3754 0.2026
123 0.0000 0.3775 0.1933
124 0.0000 0.3794 0.1841
125 0.0000 0.3813 0.1748
126 0.0000 0.3831 0.1655
127 0.0000 0.3848 0.1563
128 0.0000 0.3864 0.1470
129 0.0000 0.3880 0.1376
130 0.0000 0.3895 0.1283
131 0.0000 0.3909 0.1189
132 0.0000 0.3922 0.1094
133 0.0492 0.3935 0.0998
134 0.0887 0.3946 0.0900
135 0.1183 0.3957 0.0801
136 0.1432 0.3966 0.0699
137 0.1654 0.3975 0.0594
138 0.1857 0.3982 0.0485
139 0.2048 0.3989 0.0368
140 0.2228 0.3994 0.0257
141 0.2402 0.3998 0.0157
142 0.2569 0.4002 0.0068
143 0.2731 0.4004 0.0000
144 0.2889 0.4005 0.0000
145 0.3044 0.4005 0.0000
146 0.3195 0.4004 0.0000
147 0.3344 0.4001 0.0000
148 0.3491 0.3998 0.0000
149 0.3636 0.3993 0.0000
150 0.3779 0.3987 0.0000
151 0.3920 0.3980 0.0000
152 0.4060 0.3972 0.0000
153 0.4198 0.3962 0.0000
154 0.4334 0.3952 0.0000
155 0.4470 0.3940 0.0000
156 0.4603 0.3927 0.0000
157 0.4735 0.3914 0.0000
158 0.4866 0.3899 0.0027
159 0.4995 0.3883 0.0120
160 0.5123 0.3866 0.0227
161 0.5249 0.3848 0.0349
162 0.5374 0.3829 0.0482
163 0.5496 0.3810 0.0608
164 0.5617 0.3790 0.0729
165 0.5737 0.3769 0.0847
166 0.5854 0.3747 0.0963
167 0.5969 0.3725 0.1078
168 0.6083 0.3702 0.1192
169 0.6194 0.3679 0.1306
170 0.6303 0.3656 0.1421
171 0.6410 0.3633 0.1537
172 0.6514 0.3609 0.1653
173 0.6616 0.3586 0.1770
174 0.6715 0.3563 0.1889
175 0.6812 0.3541 0.2009
176 0.6906 0.3519 0.2130
177 0.6997 0.3498 0.2253
178 0.7085 0.3478 0.2377
179 0.7170 0.3459 0.2503
180 0.7252 0.3441 0.2630
181 0.7331 0.3425 0.2759
182 0.7406 0.3410 0.2890
183 0.7478 0.3397 0.3022
184 0.7547 0.3386 0.3156
185 0.7612 0.3377 0.3292
186 0.7673 0.3371 0.3429
187 0.7731 0.3367 0.3568
188 0.7784 0.3365 0.3708
189 0.7834 0.3367 0.3849
190 0.7880 0.3372 0.3992
191 0.7921 0.3379 0.4136
192 0.7959 0.3390 0.4281
193 0.7992 0.3404 0.4427
194 0.8021 0.3422 0.4574
195 0.8046 0.3443 0.4722
196 0.8067 0.3467 0.4871
197 0.8082 0.3494 0.5020
198 0.8094 0.3525 0.5169
199 0.8101 0.3560 0.5319
200 0.8103 0.3598 0.5469
201 0.8101 0.3638 0.5619
202 0.8094 0.3682 0.5768
203 0.8082 0.3730 0.5918
204 0.8066 0.3780 0.6067
205 0.8045 0.3832 0.6215
206 0.8019 0.3888 0.6363
207 0.7988 0.3946 0.6509
208 0.7953 0.4006 0.6655
209 0.7912 0.4068 0.6799
210 0.7867 0.4133 0.6942
211 0.7817 0.4199 0.7083
212 0.7763 0.4268 0.7222
213 0.7703 0.4337 0.7360
214 0.7639 0.4409 0.7495
215 0.7570 0.4481 0.7629
216 0.7496 0.4555 0.7759
217 0.7418 0.4629 0.7888
218 0.7334 0.4705 0.8013
219 0.7246 0.4781 0.8136
220 0.7154 0.4858 0.8256
221 0.7056 0.4936 0.8372
222 0.6954 0.5013 0.8486
223 0.6848 0.5091 0.8595
224 0.6736 0.5170 0.8702
225 0.6621 0.5248 0.8804
226 0.6500 0.5326 0.8903
227 0.6375 0.5405 0.8998
228 0.6246 0.5483 0.9089
229 0.6112 0.5560 0.9176
230 0.5973 0.5638 0.9258
231 0.5830 0.5715 0.9336
232 0.5683 0.5792 0.9410
233 0.5530 0.5868 0.9479
234 0.5373 0.5943 0.9544
235 0.5212 0.6018 0.9604
236 0.5045 0.6092 0.9660
237 0.4873 0.6166 0.9710
238 0.4696 0.6238 0.9756
239 0.4513 0.6310 0.9798
240 0.4325 0.6382 0.9834
241 0.4130 0.6452 0.9865
242 0.3928 0.6521 0.9892
243 0.3719 0.6590 0.9913
244 0.3501 0.6657 0.9930
245 0.3274 0.6724 0.9942
246 0.3035 0.6790 0.9949
247 0.2781 0.6854 0.9951
248 0.2510 0.6918 0.9949
249 0.2214 0.6981 0.9941
250 0.1885 0.7043 0.9929
251 0.1500 0.7103 0.9913
252 0.1008 0.7163 0.9891
253 0.0160 0.7222 0.9865
254 0.0000 0.7279 0.9835
255 0.0000 0.7336 0.9800
