# gbpCode colour map
#    type      = iso
#    hue       = 240 degrees
#    radius    = 000 degrees
#    chroma    = 050
#    luminance = 067 to 067
  0 0.0000 0.7006 0.9451
  1 0.0000 0.6997 0.9473
  2 0.0000 0.6988 0.9495
  3 0.0000 0.6979 0.9516
  4 0.0000 0.6970 0.9537
  5 0.0000 0.6961 0.9558
  6 0.0000 0.6952 0.9578
  7 0.0000 0.6942 0.9597
  8 0.0000 0.6933 0.9616
  9 0.0000 0.6923 0.9635
 10 0.0236 0.6913 0.9653
 11 0.0638 0.6903 0.9670
 12 0.0920 0.6893 0.9687
 13 0.1146 0.6883 0.9704
 14 0.1339 0.6872 0.9720
 15 0.1512 0.6862 0.9735
 16 0.1669 0.6851 0.9750
 17 0.1815 0.6841 0.9765
 18 0.1951 0.6830 0.9779
 19 0.2080 0.6819 0.9792
 20 0.2203 0.6808 0.9805
 21 0.2321 0.6796 0.9817
 22 0.2434 0.6785 0.9829
 23 0.2544 0.6774 0.9841
 24 0.2650 0.6762 0.9851
 25 0.2753 0.6750 0.9862
 26 0.2853 0.6739 0.9872
 27 0.2950 0.6727 0.9881
 28 0.3046 0.6715 0.9889
 29 0.3139 0.6702 0.9898
 30 0.3231 0.6690 0.9905
 31 0.3321 0.6678 0.9912
 32 0.3409 0.6665 0.9919
 33 0.3495 0.6652 0.9925
 34 0.3581 0.6640 0.9930
 35 0.3665 0.6627 0.9935
 36 0.3748 0.6614 0.9940
 37 0.3829 0.6601 0.9943
 38 0.3910 0.6587 0.9947
 39 0.3989 0.6574 0.9950
 40 0.4068 0.6561 0.9952
 41 0.4145 0.6547 0.9953
 42 0.4222 0.6533 0.9955
 43 0.4298 0.6520 0.9955
 44 0.4373 0.6506 0.9955
 45 0.4447 0.6492 0.9955
 46 0.4520 0.6478 0.9954
 47 0.4593 0.6463 0.9952
 48 0.4665 0.6449 0.9950
 49 0.4736 0.6435 0.9947
 50 0.4807 0.6420 0.9944
 51 0.4877 0.6405 0.9940
 52 0.4946 0.6391 0.9936
 53 0.5015 0.6376 0.9931
 54 0.5083 0.6361 0.9926
 55 0.5150 0.6346 0.9920
 56 0.5217 0.6331 0.9913
 57 0.5284 0.6316 0.9906
 58 0.5349 0.6301 0.9899
 59 0.5414 0.6285 0.9891
 60 0.5479 0.6270 0.9882
 61 0.5543 0.6254 0.9873
 62 0.5607 0.6239 0.9863
 63 0.5670 0.6223 0.9853
 64 0.5732 0.6207 0.9843
 65 0.5794 0.6192 0.9831
 66 0.5856 0.6176 0.9820
 67 0.5917 0.6160 0.9807
 68 0.5977 0.6144 0.9795
 69 0.6037 0.6128 0.9781
 70 0.6097 0.6112 0.9768
 71 0.6156 0.6096 0.9753
 72 0.6214 0.6079 0.9739
 73 0.6272 0.6063 0.9723
 74 0.6330 0.6047 0.9707
 75 0.6387 0.6030 0.9691
 76 0.6443 0.6014 0.9674
 77 0.6500 0.5997 0.9657
 78 0.6555 0.5981 0.9639
 79 0.6610 0.5964 0.9621
 80 0.6665 0.5948 0.9602
 81 0.6719 0.5931 0.9583
 82 0.6773 0.5915 0.9563
 83 0.6826 0.5898 0.9543
 84 0.6879 0.5881 0.9522
 85 0.6931 0.5865 0.9501
 86 0.6983 0.5848 0.9480
 87 0.7035 0.5832 0.9458
 88 0.7085 0.5815 0.9435
 89 0.7136 0.5798 0.9412
 90 0.7186 0.5781 0.9389
 91 0.7235 0.5765 0.9365
 92 0.7284 0.5748 0.9341
 93 0.7333 0.5732 0.9316
 94 0.7381 0.5715 0.9291
 95 0.7428 0.5698 0.9265
 96 0.7475 0.5682 0.9239
 97 0.7522 0.5665 0.9213
 98 0.7568 0.5649 0.9186
 99 0.7614 0.5632 0.9159
100 0.7659 0.5616 0.9131
101 0.7704 0.5600 0.9103
102 0.7748 0.5583 0.9075
103 0.7792 0.5567 0.9046
104 0.7835 0.5551 0.9017
105 0.7877 0.5535 0.8987
106 0.7920 0.5519 0.8957
107 0.7961 0.5503 0.8927
108 0.8003 0.5487 0.8896
109 0.8043 0.5471 0.8865
110 0.8084 0.5455 0.8834
111 0.8123 0.5440 0.8802
112 0.8163 0.5424 0.8770
113 0.8202 0.5409 0.8737
114 0.8240 0.5394 0.8705
115 0.8278 0.5378 0.8672
116 0.8315 0.5363 0.8638
117 0.8352 0.5348 0.8604
118 0.8388 0.5334 0.8570
119 0.8424 0.5319 0.8536
120 0.8459 0.5304 0.8501
121 0.8494 0.5290 0.8466
122 0.8528 0.5276 0.8431
123 0.8562 0.5262 0.8395
124 0.8595 0.5248 0.8359
125 0.8628 0.5234 0.8323
126 0.8660 0.5221 0.8287
127 0.8691 0.5207 0.8250
128 0.8723 0.5194 0.8213
129 0.8753 0.5181 0.8176
130 0.8783 0.5168 0.8139
131 0.8813 0.5156 0.8101
132 0.8842 0.5143 0.8063
133 0.8871 0.5131 0.8025
134 0.8899 0.5119 0.7987
135 0.8926 0.5107 0.7948
136 0.8953 0.5096 0.7909
137 0.8980 0.5084 0.7870
138 0.9006 0.5073 0.7831
139 0.9031 0.5063 0.7792
140 0.9056 0.5052 0.7752
141 0.9081 0.5042 0.7713
142 0.9104 0.5032 0.7673
143 0.9128 0.5022 0.7633
144 0.9151 0.5012 0.7592
145 0.9173 0.5003 0.7552
146 0.9195 0.4994 0.7511
147 0.9216 0.4985 0.7471
148 0.9237 0.4976 0.7430
149 0.9257 0.4968 0.7389
150 0.9277 0.4960 0.7348
151 0.9296 0.4953 0.7306
152 0.9315 0.4945 0.7265
153 0.9333 0.4938 0.7223
154 0.9350 0.4932 0.7182
155 0.9367 0.4925 0.7140
156 0.9384 0.4919 0.7098
157 0.9400 0.4913 0.7056
158 0.9415 0.4908 0.7015
159 0.9430 0.4902 0.6972
160 0.9445 0.4897 0.6930
161 0.9459 0.4893 0.6888
162 0.9472 0.4889 0.6846
163 0.9485 0.4885 0.6804
164 0.9497 0.4881 0.6761
165 0.9509 0.4878 0.6719
166 0.9520 0.4875 0.6677
167 0.9531 0.4872 0.6634
168 0.9541 0.4870 0.6592
169 0.9551 0.4868 0.6549
170 0.9560 0.4866 0.6507
171 0.9569 0.4865 0.6464
172 0.9577 0.4864 0.6422
173 0.9585 0.4863 0.6379
174 0.9592 0.4863 0.6336
175 0.9599 0.4863 0.6294
176 0.9605 0.4864 0.6251
177 0.9611 0.4864 0.6209
178 0.9616 0.4865 0.6167
179 0.9620 0.4867 0.6124
180 0.9625 0.4868 0.6082
181 0.9628 0.4870 0.6039
182 0.9631 0.4873 0.5997
183 0.9634 0.4875 0.5955
184 0.9636 0.4878 0.5913
185 0.9638 0.4882 0.5871
186 0.9639 0.4885 0.5829
187 0.9639 0.4889 0.5787
188 0.9639 0.4894 0.5745
189 0.9639 0.4898 0.5703
190 0.9638 0.4903 0.5661
191 0.9637 0.4908 0.5620
192 0.9635 0.4914 0.5578
193 0.9633 0.4920 0.5537
194 0.9630 0.4926 0.5496
195 0.9626 0.4932 0.5454
196 0.9623 0.4939 0.5413
197 0.9618 0.4946 0.5372
198 0.9614 0.4953 0.5332
199 0.9608 0.4961 0.5291
200 0.9603 0.4969 0.5250
201 0.9596 0.4977 0.5210
202 0.9590 0.4985 0.5170
203 0.9583 0.4994 0.5130
204 0.9575 0.5003 0.5090
205 0.9567 0.5012 0.5050
206 0.9559 0.5021 0.5010
207 0.9550 0.5031 0.4971
208 0.9540 0.5041 0.4931
209 0.9530 0.5051 0.4892
210 0.9520 0.5062 0.4853
211 0.9509 0.5072 0.4815
212 0.9498 0.5083 0.4776
213 0.9487 0.5094 0.4738
214 0.9474 0.5105 0.4700
215 0.9462 0.5117 0.4662
216 0.9449 0.5129 0.4624
217 0.9436 0.5141 0.4586
218 0.9422 0.5153 0.4549
219 0.9408 0.5165 0.4512
220 0.9393 0.5178 0.4475
221 0.9378 0.5190 0.4438
222 0.9362 0.5203 0.4402
223 0.9346 0.5216 0.4366
224 0.9330 0.5229 0.4330
225 0.9313 0.5243 0.4294
226 0.9296 0.5256 0.4259
227 0.9279 0.5270 0.4223
228 0.9261 0.5284 0.4188
229 0.9242 0.5298 0.4154
230 0.9223 0.5312 0.4119
231 0.9204 0.5326 0.4085
232 0.9185 0.5340 0.4051
233 0.9165 0.5355 0.4018
234 0.9145 0.5369 0.3984
235 0.9124 0.5384 0.3951
236 0.9103 0.5399 0.3919
237 0.9081 0.5414 0.3886
238 0.9059 0.5429 0.3854
239 0.9037 0.5444 0.3822
240 0.9015 0.5459 0.3791
241 0.8992 0.5474 0.3760
242 0.8968 0.5489 0.3729
243 0.8945 0.5505 0.3698
244 0.8921 0.5520 0.3668
245 0.8896 0.5536 0.3638
246 0.8872 0.5551 0.3609
247 0.8847 0.5567 0.3579
248 0.8821 0.5583 0.3551
249 0.8796 0.5599 0.3522
250 0.8769 0.5614 0.3494
251 0.8743 0.5630 0.3466
252 0.8716 0.5646 0.3439
253 0.8689 0.5662 0.3412
254 0.8662 0.5678 0.3385
255 0.8634 0.5694 0.3359
