# gbpCode colour map
#    type      = linear
#    hue       = 210 degrees
#    radius    = 000 degrees
#    chroma    = 050
#    luminance = 000 to 071
  0 0.0000 0.1061 0.1530
  1 0.0000 0.1085 0.1511
  2 0.0000 0.1109 0.1492
  3 0.0000 0.1132 0.1472
  4 0.0000 0.1154 0.1451
  5 0.0000 0.1176 0.1431
  6 0.0000 0.1197 0.1409
  7 0.0000 0.1217 0.1388
  8 0.0000 0.1237 0.1366
  9 0.0000 0.1257 0.1343
 10 0.0000 0.1276 0.1321
 11 0.0000 0.1294 0.1298
 12 0.0000 0.1312 0.1274
 13 0.0000 0.1330 0.1251
 14 0.0000 0.1347 0.1227
 15 0.0000 0.1364 0.1202
 16 0.0000 0.1380 0.1178
 17 0.0000 0.1396 0.1153
 18 0.0000 0.1412 0.1127
 19 0.0000 0.1427 0.1102
 20 0.0000 0.1442 0.1076
 21 0.0000 0.1457 0.1050
 22 0.0000 0.1471 0.1024
 23 0.0000 0.1485 0.0997
 24 0.0000 0.1499 0.0971
 25 0.0000 0.1512 0.0944
 26 0.0000 0.1525 0.0916
 27 0.0000 0.1538 0.0889
 28 0.0000 0.1551 0.0861
 29 0.0000 0.1563 0.0833
 30 0.0000 0.1575 0.0804
 31 0.0000 0.1588 0.0774
 32 0.0000 0.1601 0.0743
 33 0.0000 0.1615 0.0710
 34 0.0000 0.1628 0.0677
 35 0.0000 0.1642 0.0642
 36 0.0000 0.1657 0.0606
 37 0.0000 0.1671 0.0568
 38 0.0000 0.1686 0.0528
 39 0.0000 0.1702 0.0486
 40 0.0000 0.1717 0.0442
 41 0.0000 0.1733 0.0394
 42 0.0000 0.1749 0.0346
 43 0.0000 0.1765 0.0297
 44 0.0000 0.1782 0.0249
 45 0.0000 0.1799 0.0201
 46 0.0000 0.1816 0.0153
 47 0.0000 0.1833 0.0106
 48 0.0000 0.1851 0.0059
 49 0.0000 0.1869 0.0012
 50 0.0000 0.1888 0.0000
 51 0.0000 0.1906 0.0000
 52 0.0000 0.1925 0.0000
 53 0.0000 0.1944 0.0000
 54 0.0000 0.1963 0.0000
 55 0.0000 0.1983 0.0000
 56 0.0000 0.2003 0.0000
 57 0.0000 0.2023 0.0000
 58 0.0000 0.2043 0.0000
 59 0.0000 0.2064 0.0000
 60 0.0000 0.2085 0.0000
 61 0.0000 0.2106 0.0000
 62 0.0000 0.2127 0.0000
 63 0.0000 0.2149 0.0000
 64 0.0000 0.2170 0.0000
 65 0.0000 0.2191 0.0000
 66 0.0000 0.2212 0.0000
 67 0.0000 0.2233 0.0000
 68 0.0000 0.2253 0.0000
 69 0.0000 0.2273 0.0000
 70 0.0000 0.2293 0.0000
 71 0.0000 0.2313 0.0000
 72 0.0000 0.2333 0.0000
 73 0.0000 0.2352 0.0000
 74 0.0000 0.2371 0.0000
 75 0.0000 0.2390 0.0000
 76 0.0000 0.2408 0.0000
 77 0.0000 0.2427 0.0000
 78 0.0118 0.2445 0.0000
 79 0.0283 0.2463 0.0000
 80 0.0455 0.2480 0.0000
 81 0.0606 0.2497 0.0000
 82 0.0739 0.2514 0.0000
 83 0.0861 0.2531 0.0000
 84 0.0974 0.2547 0.0000
 85 0.1081 0.2563 0.0000
 86 0.1183 0.2579 0.0000
 87 0.1281 0.2594 0.0000
 88 0.1376 0.2609 0.0000
 89 0.1469 0.2624 0.0000
 90 0.1559 0.2639 0.0000
 91 0.1647 0.2653 0.0000
 92 0.1734 0.2667 0.0000
 93 0.1820 0.2680 0.0000
 94 0.1905 0.2694 0.0000
 95 0.1988 0.2707 0.0000
 96 0.2071 0.2719 0.0000
 97 0.2153 0.2731 0.0000
 98 0.2234 0.2743 0.0000
 99 0.2315 0.2755 0.0000
100 0.2395 0.2766 0.0000
101 0.2474 0.2777 0.0000
102 0.2553 0.2788 0.0000
103 0.2632 0.2798 0.0000
104 0.2711 0.2808 0.0000
105 0.2789 0.2817 0.0000
106 0.2867 0.2826 0.0000
107 0.2944 0.2835 0.0000
108 0.3022 0.2844 0.0000
109 0.3099 0.2852 0.0000
110 0.3175 0.2860 0.0000
111 0.3252 0.2867 0.0000
112 0.3329 0.2875 0.0000
113 0.3405 0.2881 0.0000
114 0.3481 0.2888 0.0000
115 0.3557 0.2894 0.0000
116 0.3632 0.2900 0.0000
117 0.3708 0.2906 0.0000
118 0.3783 0.2911 0.0000
119 0.3858 0.2916 0.0000
120 0.3933 0.2921 0.0000
121 0.4008 0.2925 0.0000
122 0.4083 0.2929 0.0000
123 0.4157 0.2933 0.0000
124 0.4231 0.2937 0.0000
125 0.4305 0.2940 0.0000
126 0.4379 0.2943 0.0000
127 0.4453 0.2946 0.0000
128 0.4526 0.2948 0.0000
129 0.4599 0.2951 0.0000
130 0.4672 0.2953 0.0000
131 0.4745 0.2955 0.0000
132 0.4817 0.2956 0.0000
133 0.4889 0.2958 0.0000
134 0.4960 0.2959 0.0008
135 0.5031 0.2960 0.0090
136 0.5102 0.2961 0.0177
137 0.5172 0.2962 0.0271
138 0.5242 0.2963 0.0370
139 0.5312 0.2964 0.0471
140 0.5381 0.2965 0.0566
141 0.5450 0.2965 0.0655
142 0.5518 0.2966 0.0740
143 0.5585 0.2966 0.0823
144 0.5653 0.2967 0.0903
145 0.5719 0.2968 0.0982
146 0.5786 0.2968 0.1059
147 0.5851 0.2969 0.1136
148 0.5916 0.2970 0.1212
149 0.5981 0.2970 0.1287
150 0.6045 0.2971 0.1362
151 0.6109 0.2973 0.1436
152 0.6171 0.2974 0.1510
153 0.6234 0.2975 0.1585
154 0.6295 0.2977 0.1659
155 0.6356 0.2979 0.1733
156 0.6417 0.2981 0.1808
157 0.6476 0.2984 0.1882
158 0.6535 0.2987 0.1957
159 0.6594 0.2990 0.2033
160 0.6651 0.2994 0.2108
161 0.6708 0.2997 0.2184
162 0.6764 0.3002 0.2260
163 0.6820 0.3007 0.2336
164 0.6874 0.3012 0.2413
165 0.6928 0.3018 0.2491
166 0.6981 0.3024 0.2568
167 0.7033 0.3031 0.2646
168 0.7085 0.3038 0.2725
169 0.7135 0.3046 0.2804
170 0.7185 0.3055 0.2883
171 0.7234 0.3064 0.2963
172 0.7282 0.3074 0.3044
173 0.7329 0.3085 0.3125
174 0.7375 0.3096 0.3206
175 0.7420 0.3108 0.3287
176 0.7465 0.3121 0.3370
177 0.7508 0.3134 0.3452
178 0.7550 0.3149 0.3535
179 0.7592 0.3164 0.3619
180 0.7632 0.3180 0.3702
181 0.7672 0.3196 0.3787
182 0.7710 0.3214 0.3871
183 0.7748 0.3232 0.3956
184 0.7784 0.3251 0.4042
185 0.7820 0.3271 0.4127
186 0.7854 0.3292 0.4214
187 0.7888 0.3314 0.4300
188 0.7920 0.3337 0.4387
189 0.7951 0.3360 0.4474
190 0.7981 0.3384 0.4561
191 0.8010 0.3410 0.4649
192 0.8038 0.3436 0.4737
193 0.8065 0.3463 0.4825
194 0.8091 0.3491 0.4914
195 0.8115 0.3519 0.5002
196 0.8139 0.3549 0.5091
197 0.8161 0.3579 0.5180
198 0.8182 0.3610 0.5270
199 0.8202 0.3642 0.5359
200 0.8221 0.3675 0.5449
201 0.8239 0.3709 0.5538
202 0.8255 0.3743 0.5628
203 0.8270 0.3778 0.5718
204 0.8284 0.3814 0.5808
205 0.8297 0.3851 0.5898
206 0.8309 0.3889 0.5987
207 0.8319 0.3927 0.6077
208 0.8329 0.3966 0.6167
209 0.8337 0.4005 0.6257
210 0.8343 0.4046 0.6347
211 0.8349 0.4087 0.6437
212 0.8353 0.4128 0.6526
213 0.8356 0.4170 0.6616
214 0.8358 0.4213 0.6705
215 0.8359 0.4257 0.6794
216 0.8358 0.4301 0.6883
217 0.8356 0.4345 0.6972
218 0.8353 0.4390 0.7060
219 0.8349 0.4436 0.7148
220 0.8343 0.4482 0.7236
221 0.8337 0.4529 0.7324
222 0.8329 0.4576 0.7411
223 0.8319 0.4623 0.7498
224 0.8309 0.4671 0.7585
225 0.8297 0.4720 0.7671
226 0.8284 0.4768 0.7757
227 0.8269 0.4818 0.7842
228 0.8254 0.4867 0.7927
229 0.8237 0.4917 0.8011
230 0.8219 0.4967 0.8095
231 0.8200 0.5018 0.8178
232 0.8179 0.5069 0.8261
233 0.8158 0.5120 0.8343
234 0.8135 0.5172 0.8425
235 0.8111 0.5223 0.8506
236 0.8085 0.5275 0.8586
237 0.8059 0.5327 0.8666
238 0.8031 0.5380 0.8745
239 0.8002 0.5433 0.8824
240 0.7972 0.5485 0.8901
241 0.7941 0.5538 0.8978
242 0.7908 0.5592 0.9055
243 0.7875 0.5645 0.9130
244 0.7840 0.5698 0.9205
245 0.7804 0.5752 0.9279
246 0.7766 0.5806 0.9352
247 0.7728 0.5859 0.9424
248 0.7689 0.5913 0.9495
249 0.7648 0.5967 0.9566
250 0.7606 0.6021 0.9635
251 0.7564 0.6076 0.9704
252 0.7520 0.6130 0.9772
253 0.7475 0.6184 0.9839
254 0.7429 0.6238 0.9904
255 0.7381 0.6292 0.9969
