# gbpCode colour map
#    type      = custom
000  0.0063  0.3679  0.2885
001  0.0066  0.3796  0.2978
002  0.0069  0.3916  0.3071
003  0.0071  0.4037  0.3166
004  0.0074  0.4160  0.3263
005  0.0077  0.4285  0.3360
006  0.0080  0.4411  0.3459
007  0.0083  0.4538  0.3559
008  0.0087  0.4667  0.3660
009  0.0090  0.4797  0.3762
010  0.0093  0.4928  0.3865
011  0.0097  0.5060  0.3968
012  0.0101  0.5193  0.4073
013  0.0105  0.5327  0.4178
014  0.0109  0.5461  0.4283
015  0.0113  0.5596  0.4389
016  0.0117  0.5732  0.4495
017  0.0122  0.5868  0.4602
018  0.0126  0.6004  0.4709
019  0.0131  0.6140  0.4816
020  0.0136  0.6276  0.4922
021  0.0141  0.6412  0.5029
022  0.0146  0.6547  0.5135
023  0.0151  0.6682  0.5241
024  0.0157  0.6817  0.5346
025  0.0163  0.6950  0.5451
026  0.0169  0.7083  0.5555
027  0.0175  0.7214  0.5658
028  0.0181  0.7344  0.5760
029  0.0188  0.7473  0.5861
030  0.0194  0.7600  0.5961
031  0.0201  0.7726  0.6060
032  0.0208  0.7850  0.6157
033  0.0216  0.7971  0.6252
034  0.0223  0.8091  0.6346
035  0.0231  0.8208  0.6437
036  0.0239  0.8322  0.6527
037  0.0247  0.8434  0.6615
038  0.0256  0.8543  0.6700
039  0.0265  0.8649  0.6784
040  0.0274  0.8752  0.6864
041  0.0283  0.8852  0.6943
042  0.0292  0.8948  0.7018
043  0.0302  0.9041  0.7091
044  0.0312  0.9131  0.7161
045  0.0323  0.9216  0.7228
046  0.0333  0.9298  0.7292
047  0.0344  0.9375  0.7353
048  0.0356  0.9449  0.7411
049  0.0367  0.9518  0.7465
050  0.0379  0.9583  0.7516
051  0.0392  0.9644  0.7564
052  0.0404  0.9700  0.7608
053  0.0417  0.9751  0.7648
054  0.0430  0.9798  0.7685
055  0.0444  0.9840  0.7718
056  0.0458  0.9877  0.7747
057  0.0473  0.9910  0.7772
058  0.0487  0.9937  0.7794
059  0.0502  0.9960  0.7812
060  0.0518  0.9977  0.7825
061  0.0534  0.9990  0.7835
062  0.0550  0.9997  0.7841
063  0.0567  1.0000  0.7843
064  0.0584  1.0000  0.7841
065  0.0602  1.0000  0.7835
066  0.0620  1.0000  0.7825
067  0.0638  1.0000  0.7812
068  0.0657  1.0000  0.7794
069  0.0676  1.0000  0.7772
070  0.0696  1.0000  0.7747
071  0.0717  1.0000  0.7718
072  0.0737  1.0000  0.7685
073  0.0759  1.0000  0.7648
074  0.0780  1.0000  0.7608
075  0.0803  1.0000  0.7564
076  0.0825  1.0000  0.7516
077  0.0849  1.0000  0.7465
078  0.0872  1.0000  0.7411
079  0.0897  1.0000  0.7353
080  0.0922  1.0000  0.7292
081  0.0947  1.0000  0.7228
082  0.0973  1.0000  0.7161
083  0.0999  1.0000  0.7091
084  0.1026  1.0000  0.7018
085  0.1054  1.0000  0.6943
086  0.1082  1.0000  0.6864
087  0.1111  1.0000  0.6784
088  0.1140  1.0000  0.6700
089  0.1170  1.0000  0.6615
090  0.1201  1.0000  0.6527
091  0.1232  1.0000  0.6437
092  0.1264  1.0000  0.6346
093  0.1296  1.0000  0.6252
094  0.1329  1.0000  0.6157
095  0.1363  1.0000  0.6060
096  0.1397  1.0000  0.5961
097  0.1432  1.0000  0.5861
098  0.1467  1.0000  0.5760
099  0.1504  1.0000  0.5658
100  0.1541  1.0000  0.5555
101  0.1578  1.0000  0.5451
102  0.1616  1.0000  0.5346
103  0.1655  1.0000  0.5241
104  0.1695  1.0000  0.5135
105  0.1735  1.0000  0.5029
106  0.1776  1.0000  0.4922
107  0.1817  1.0000  0.4816
108  0.1859  1.0000  0.4709
109  0.1902  1.0000  0.4602
110  0.1946  1.0000  0.4495
111  0.1990  1.0000  0.4389
112  0.2035  1.0000  0.4283
113  0.2081  1.0000  0.4178
114  0.2127  1.0000  0.4073
115  0.2174  1.0000  0.3968
116  0.2222  1.0000  0.3865
117  0.2270  1.0000  0.3762
118  0.2319  1.0000  0.3660
119  0.2369  1.0000  0.3559
120  0.2420  1.0000  0.3459
121  0.2471  1.0000  0.3360
122  0.2523  1.0000  0.3263
123  0.2576  1.0000  0.3166
124  0.2629  1.0000  0.3071
125  0.2683  1.0000  0.2978
126  0.2737  1.0000  0.2885
127  0.2793  1.0000  0.2794
128  0.2849  1.0000  0.2705
129  0.2905  1.0000  0.2617
130  0.2963  1.0000  0.2531
131  0.3021  1.0000  0.2446
132  0.3079  1.0000  0.2363
133  0.3139  1.0000  0.2282
134  0.3199  1.0000  0.2202
135  0.3259  1.0000  0.2124
136  0.3320  1.0000  0.2048
137  0.3382  1.0000  0.1974
138  0.3445  1.0000  0.1901
139  0.3508  1.0000  0.1830
140  0.3571  1.0000  0.1761
141  0.3636  1.0000  0.1693
142  0.3700  1.0000  0.1628
143  0.3766  1.0000  0.1564
144  0.3832  1.0000  0.1502
145  0.3898  1.0000  0.1441
146  0.3965  1.0000  0.1383
147  0.4033  1.0000  0.1326
148  0.4101  1.0000  0.1270
149  0.4170  1.0000  0.1217
150  0.4239  1.0000  0.1165
151  0.4308  1.0000  0.1115
152  0.4378  1.0000  0.1066
153  0.4449  1.0000  0.1019
154  0.4519  1.0000  0.0974
155  0.4591  1.0000  0.0930
156  0.4662  1.0000  0.0887
157  0.4734  1.0000  0.0847
158  0.4807  1.0000  0.0807
159  0.4880  1.0000  0.0769
160  0.4953  1.0000  0.0733
161  0.5026  1.0000  0.0698
162  0.5100  1.0000  0.0664
163  0.5174  1.0000  0.0631
164  0.5248  1.0000  0.0600
165  0.5323  1.0000  0.0570
166  0.5397  1.0000  0.0542
167  0.5472  1.0000  0.0514
168  0.5547  1.0000  0.0488
169  0.5622  1.0000  0.0462
170  0.5698  1.0000  0.0438
171  0.5773  1.0000  0.0415
172  0.5849  1.0000  0.0393
173  0.5924  1.0000  0.0372
174  0.6000  1.0000  0.0352
175  0.6076  1.0000  0.0333
176  0.6151  1.0000  0.0314
177  0.6227  1.0000  0.0297
178  0.6303  1.0000  0.0280
179  0.6378  1.0000  0.0264
180  0.6454  1.0000  0.0249
181  0.6529  1.0000  0.0235
182  0.6604  1.0000  0.0221
183  0.6679  1.0000  0.0208
184  0.6754  1.0000  0.0196
185  0.6828  1.0000  0.0184
186  0.6903  1.0000  0.0173
187  0.6977  1.0000  0.0163
188  0.7050  1.0000  0.0153
189  0.7124  1.0000  0.0144
190  0.7197  1.0000  0.0135
191  0.7270  1.0000  0.0126
192  0.7342  1.0000  0.0118
193  0.7414  1.0000  0.0111
194  0.7485  1.0000  0.0104
195  0.7556  1.0000  0.0097
196  0.7626  1.0000  0.0091
197  0.7696  1.0000  0.0085
198  0.7765  1.0000  0.0079
199  0.7834  1.0000  0.0074
200  0.7902  1.0000  0.0069
201  0.7969  1.0000  0.0065
202  0.8036  1.0000  0.0060
203  0.8102  1.0000  0.0056
204  0.8167  1.0000  0.0052
205  0.8231  1.0000  0.0049
206  0.8295  1.0000  0.0045
207  0.8358  1.0000  0.0042
208  0.8420  1.0000  0.0039
209  0.8481  1.0000  0.0036
210  0.8541  1.0000  0.0034
211  0.8601  1.0000  0.0031
212  0.8659  1.0000  0.0029
213  0.8717  1.0000  0.0027
214  0.8773  1.0000  0.0025
215  0.8829  1.0000  0.0023
216  0.8883  1.0000  0.0022
217  0.8937  1.0000  0.0020
218  0.8989  1.0000  0.0018
219  0.9040  1.0000  0.0017
220  0.9090  1.0000  0.0016
221  0.9139  1.0000  0.0016
222  0.9187  1.0000  0.0017
223  0.9234  1.0000  0.0018
224  0.9279  1.0000  0.0019
225  0.9323  1.0000  0.0020
226  0.9366  1.0000  0.0020
227  0.9408  1.0000  0.0021
228  0.9448  1.0000  0.0022
229  0.9487  1.0000  0.0023
230  0.9525  1.0000  0.0024
231  0.9561  1.0000  0.0025
232  0.9597  1.0000  0.0026
233  0.9630  1.0000  0.0027
234  0.9662  1.0000  0.0028
235  0.9693  1.0000  0.0029
236  0.9723  1.0000  0.0030
237  0.9751  1.0000  0.0031
238  0.9778  1.0000  0.0031
239  0.9803  1.0000  0.0032
240  0.9826  1.0000  0.0033
241  0.9849  1.0000  0.0034
242  0.9869  1.0000  0.0034
243  0.9889  1.0000  0.0035
244  0.9906  1.0000  0.0036
245  0.9922  1.0000  0.0036
246  0.9937  1.0000  0.0037
247  0.9950  1.0000  0.0037
248  0.9962  1.0000  0.0038
249  0.9972  1.0000  0.0038
250  0.9981  1.0000  0.0038
251  0.9988  1.0000  0.0039
252  0.9993  1.0000  0.0039
253  0.9997  1.0000  0.0039
254  0.9999  1.0000  0.0039
255  1.0000  1.0000  0.0039
