# gbpCode colour map
#    type      = iso
#    hue       = 330 degrees
#    radius    = 000 degrees
#    chroma    = 050
#    luminance = 069 to 069
  0 0.8941 0.5417 0.8458
  1 0.8957 0.5410 0.8440
  2 0.8972 0.5404 0.8421
  3 0.8987 0.5397 0.8402
  4 0.9003 0.5391 0.8384
  5 0.9018 0.5385 0.8365
  6 0.9033 0.5378 0.8346
  7 0.9048 0.5372 0.8327
  8 0.9062 0.5366 0.8308
  9 0.9077 0.5360 0.8289
 10 0.9091 0.5354 0.8270
 11 0.9106 0.5348 0.8250
 12 0.9120 0.5342 0.8231
 13 0.9134 0.5336 0.8212
 14 0.9148 0.5330 0.8192
 15 0.9162 0.5324 0.8173
 16 0.9176 0.5318 0.8153
 17 0.9189 0.5313 0.8134
 18 0.9203 0.5307 0.8114
 19 0.9216 0.5302 0.8095
 20 0.9229 0.5296 0.8075
 21 0.9242 0.5291 0.8055
 22 0.9255 0.5285 0.8035
 23 0.9268 0.5280 0.8016
 24 0.9280 0.5275 0.7996
 25 0.9293 0.5269 0.7976
 26 0.9305 0.5264 0.7956
 27 0.9318 0.5259 0.7936
 28 0.9330 0.5254 0.7916
 29 0.9342 0.5249 0.7896
 30 0.9354 0.5244 0.7876
 31 0.9365 0.5239 0.7855
 32 0.9377 0.5235 0.7835
 33 0.9388 0.5230 0.7815
 34 0.9400 0.5225 0.7795
 35 0.9411 0.5221 0.7774
 36 0.9422 0.5216 0.7754
 37 0.9433 0.5212 0.7733
 38 0.9444 0.5207 0.7713
 39 0.9454 0.5203 0.7692
 40 0.9465 0.5199 0.7672
 41 0.9475 0.5195 0.7651
 42 0.9486 0.5191 0.7631
 43 0.9496 0.5187 0.7610
 44 0.9506 0.5183 0.7589
 45 0.9516 0.5179 0.7569
 46 0.9525 0.5175 0.7548
 47 0.9535 0.5171 0.7527
 48 0.9545 0.5167 0.7506
 49 0.9554 0.5164 0.7485
 50 0.9563 0.5160 0.7465
 51 0.9572 0.5157 0.7444
 52 0.9581 0.5154 0.7423
 53 0.9590 0.5150 0.7402
 54 0.9599 0.5147 0.7381
 55 0.9607 0.5144 0.7360
 56 0.9616 0.5141 0.7339
 57 0.9624 0.5138 0.7318
 58 0.9632 0.5135 0.7297
 59 0.9640 0.5132 0.7276
 60 0.9648 0.5129 0.7255
 61 0.9656 0.5127 0.7233
 62 0.9663 0.5124 0.7212
 63 0.9671 0.5121 0.7191
 64 0.9678 0.5119 0.7170
 65 0.9686 0.5117 0.7149
 66 0.9693 0.5114 0.7127
 67 0.9700 0.5112 0.7106
 68 0.9707 0.5110 0.7085
 69 0.9713 0.5108 0.7064
 70 0.9720 0.5106 0.7042
 71 0.9726 0.5104 0.7021
 72 0.9733 0.5102 0.7000
 73 0.9739 0.5100 0.6979
 74 0.9745 0.5099 0.6957
 75 0.9751 0.5097 0.6936
 76 0.9757 0.5096 0.6915
 77 0.9762 0.5094 0.6893
 78 0.9768 0.5093 0.6872
 79 0.9773 0.5092 0.6850
 80 0.9778 0.5090 0.6829
 81 0.9784 0.5089 0.6808
 82 0.9789 0.5088 0.6786
 83 0.9794 0.5087 0.6765
 84 0.9798 0.5086 0.6744
 85 0.9803 0.5086 0.6722
 86 0.9807 0.5085 0.6701
 87 0.9812 0.5084 0.6679
 88 0.9816 0.5084 0.6658
 89 0.9820 0.5083 0.6636
 90 0.9824 0.5083 0.6615
 91 0.9828 0.5083 0.6594
 92 0.9832 0.5083 0.6572
 93 0.9835 0.5083 0.6551
 94 0.9839 0.5082 0.6529
 95 0.9842 0.5083 0.6508
 96 0.9845 0.5083 0.6487
 97 0.9848 0.5083 0.6465
 98 0.9851 0.5083 0.6444
 99 0.9854 0.5084 0.6423
100 0.9857 0.5084 0.6401
101 0.9859 0.5085 0.6380
102 0.9862 0.5085 0.6358
103 0.9864 0.5086 0.6337
104 0.9866 0.5087 0.6316
105 0.9868 0.5088 0.6295
106 0.9870 0.5089 0.6273
107 0.9872 0.5090 0.6252
108 0.9874 0.5091 0.6231
109 0.9875 0.5092 0.6209
110 0.9877 0.5093 0.6188
111 0.9878 0.5095 0.6167
112 0.9879 0.5096 0.6146
113 0.9880 0.5097 0.6124
114 0.9881 0.5099 0.6103
115 0.9882 0.5101 0.6082
116 0.9882 0.5103 0.6061
117 0.9883 0.5104 0.6040
118 0.9883 0.5106 0.6019
119 0.9884 0.5108 0.5997
120 0.9884 0.5110 0.5976
121 0.9884 0.5112 0.5955
122 0.9884 0.5115 0.5934
123 0.9883 0.5117 0.5913
124 0.9883 0.5119 0.5892
125 0.9883 0.5122 0.5871
126 0.9882 0.5124 0.5850
127 0.9881 0.5127 0.5829
128 0.9880 0.5130 0.5808
129 0.9879 0.5132 0.5788
130 0.9878 0.5135 0.5767
131 0.9877 0.5138 0.5746
132 0.9876 0.5141 0.5725
133 0.9874 0.5144 0.5704
134 0.9873 0.5147 0.5684
135 0.9871 0.5151 0.5663
136 0.9869 0.5154 0.5642
137 0.9867 0.5157 0.5622
138 0.9865 0.5161 0.5601
139 0.9863 0.5164 0.5580
140 0.9861 0.5168 0.5560
141 0.9858 0.5171 0.5539
142 0.9856 0.5175 0.5519
143 0.9853 0.5179 0.5498
144 0.9850 0.5183 0.5478
145 0.9848 0.5187 0.5458
146 0.9845 0.5191 0.5437
147 0.9841 0.5195 0.5417
148 0.9838 0.5199 0.5397
149 0.9835 0.5203 0.5376
150 0.9831 0.5207 0.5356
151 0.9828 0.5211 0.5336
152 0.9824 0.5216 0.5316
153 0.9820 0.5220 0.5296
154 0.9816 0.5225 0.5276
155 0.9812 0.5229 0.5256
156 0.9808 0.5234 0.5236
157 0.9804 0.5239 0.5216
158 0.9799 0.5243 0.5196
159 0.9795 0.5248 0.5176
160 0.9790 0.5253 0.5156
161 0.9785 0.5258 0.5137
162 0.9780 0.5263 0.5117
163 0.9775 0.5268 0.5097
164 0.9770 0.5273 0.5078
165 0.9765 0.5278 0.5058
166 0.9760 0.5284 0.5039
167 0.9754 0.5289 0.5019
168 0.9749 0.5294 0.5000
169 0.9743 0.5300 0.4980
170 0.9737 0.5305 0.4961
171 0.9731 0.5311 0.4942
172 0.9725 0.5316 0.4923
173 0.9719 0.5322 0.4903
174 0.9713 0.5327 0.4884
175 0.9707 0.5333 0.4865
176 0.9700 0.5339 0.4846
177 0.9694 0.5345 0.4827
178 0.9687 0.5351 0.4808
179 0.9680 0.5357 0.4790
180 0.9673 0.5363 0.4771
181 0.9666 0.5369 0.4752
182 0.9659 0.5375 0.4733
183 0.9652 0.5381 0.4715
184 0.9645 0.5387 0.4696
185 0.9637 0.5393 0.4678
186 0.9630 0.5399 0.4659
187 0.9622 0.5406 0.4641
188 0.9615 0.5412 0.4623
189 0.9607 0.5419 0.4604
190 0.9599 0.5425 0.4586
191 0.9591 0.5431 0.4568
192 0.9583 0.5438 0.4550
193 0.9574 0.5445 0.4532
194 0.9566 0.5451 0.4514
195 0.9557 0.5458 0.4496
196 0.9549 0.5464 0.4478
197 0.9540 0.5471 0.4460
198 0.9531 0.5478 0.4443
199 0.9523 0.5485 0.4425
200 0.9514 0.5492 0.4407
201 0.9504 0.5498 0.4390
202 0.9495 0.5505 0.4372
203 0.9486 0.5512 0.4355
204 0.9477 0.5519 0.4338
205 0.9467 0.5526 0.4321
206 0.9458 0.5533 0.4303
207 0.9448 0.5540 0.4286
208 0.9438 0.5547 0.4269
209 0.9428 0.5555 0.4252
210 0.9418 0.5562 0.4235
211 0.9408 0.5569 0.4219
212 0.9398 0.5576 0.4202
213 0.9388 0.5583 0.4185
214 0.9377 0.5591 0.4169
215 0.9367 0.5598 0.4152
216 0.9356 0.5605 0.4136
217 0.9346 0.5613 0.4119
218 0.9335 0.5620 0.4103
219 0.9324 0.5628 0.4087
220 0.9313 0.5635 0.4071
221 0.9302 0.5642 0.4055
222 0.9291 0.5650 0.4039
223 0.9280 0.5657 0.4023
224 0.9268 0.5665 0.4007
225 0.9257 0.5673 0.3991
226 0.9246 0.5680 0.3976
227 0.9234 0.5688 0.3960
228 0.9222 0.5695 0.3944
229 0.9211 0.5703 0.3929
230 0.9199 0.5711 0.3914
231 0.9187 0.5718 0.3899
232 0.9175 0.5726 0.3883
233 0.9163 0.5734 0.3868
234 0.9150 0.5742 0.3853
235 0.9138 0.5749 0.3838
236 0.9126 0.5757 0.3824
237 0.9113 0.5765 0.3809
238 0.9101 0.5773 0.3794
239 0.9088 0.5780 0.3780
240 0.9075 0.5788 0.3765
241 0.9062 0.5796 0.3751
242 0.9049 0.5804 0.3737
243 0.9036 0.5812 0.3722
244 0.9023 0.5820 0.3708
245 0.9010 0.5828 0.3694
246 0.8997 0.5836 0.3681
247 0.8984 0.5843 0.3667
248 0.8970 0.5851 0.3653
249 0.8957 0.5859 0.3639
250 0.8943 0.5867 0.3626
251 0.8929 0.5875 0.3612
252 0.8916 0.5883 0.3599
253 0.8902 0.5891 0.3586
254 0.8888 0.5899 0.3573
255 0.8874 0.5907 0.3560
