# gbpCode colour map
#    type      = linear
#    hue       = 210 degrees
#    radius    = -01 degrees
#    chroma    = 050
#    luminance = 000 to 071
  0 0.0000 0.1061 0.1530
  1 0.0000 0.1090 0.1469
  2 0.0000 0.1118 0.1406
  3 0.0000 0.1144 0.1342
  4 0.0000 0.1169 0.1277
  5 0.0000 0.1193 0.1210
  6 0.0000 0.1216 0.1142
  7 0.0000 0.1237 0.1072
  8 0.0000 0.1257 0.1002
  9 0.0000 0.1276 0.0930
 10 0.0000 0.1294 0.0855
 11 0.0000 0.1311 0.0774
 12 0.0000 0.1327 0.0684
 13 0.0000 0.1342 0.0584
 14 0.0000 0.1356 0.0470
 15 0.0000 0.1369 0.0337
 16 0.0000 0.1381 0.0199
 17 0.0000 0.1392 0.0062
 18 0.0000 0.1403 0.0000
 19 0.0000 0.1412 0.0000
 20 0.0000 0.1421 0.0000
 21 0.0000 0.1429 0.0000
 22 0.0000 0.1436 0.0000
 23 0.0000 0.1443 0.0000
 24 0.0000 0.1448 0.0000
 25 0.0000 0.1453 0.0000
 26 0.0000 0.1458 0.0000
 27 0.0000 0.1461 0.0000
 28 0.0000 0.1464 0.0000
 29 0.0000 0.1467 0.0000
 30 0.0000 0.1469 0.0000
 31 0.0000 0.1472 0.0000
 32 0.0000 0.1474 0.0000
 33 0.0000 0.1477 0.0000
 34 0.0000 0.1479 0.0000
 35 0.0000 0.1482 0.0000
 36 0.0000 0.1485 0.0000
 37 0.0000 0.1488 0.0000
 38 0.0000 0.1492 0.0000
 39 0.0000 0.1495 0.0000
 40 0.0000 0.1499 0.0000
 41 0.0180 0.1504 0.0000
 42 0.0389 0.1508 0.0000
 43 0.0574 0.1513 0.0000
 44 0.0723 0.1518 0.0000
 45 0.0850 0.1524 0.0000
 46 0.0964 0.1530 0.0000
 47 0.1074 0.1534 0.0000
 48 0.1181 0.1538 0.0000
 49 0.1286 0.1540 0.0000
 50 0.1390 0.1540 0.0000
 51 0.1492 0.1539 0.0000
 52 0.1594 0.1537 0.0000
 53 0.1694 0.1533 0.0000
 54 0.1794 0.1527 0.0000
 55 0.1894 0.1520 0.0000
 56 0.1993 0.1511 0.0000
 57 0.2091 0.1501 0.0000
 58 0.2189 0.1488 0.0000
 59 0.2287 0.1474 0.0000
 60 0.2384 0.1458 0.0000
 61 0.2480 0.1440 0.0000
 62 0.2576 0.1421 0.0000
 63 0.2672 0.1399 0.0000
 64 0.2767 0.1375 0.0000
 65 0.2861 0.1349 0.0000
 66 0.2954 0.1322 0.0000
 67 0.3047 0.1292 0.0000
 68 0.3139 0.1260 0.0000
 69 0.3229 0.1225 0.0000
 70 0.3319 0.1189 0.0000
 71 0.3408 0.1151 0.0000
 72 0.3495 0.1110 0.0000
 73 0.3581 0.1067 0.0000
 74 0.3666 0.1021 0.0000
 75 0.3750 0.0973 0.0000
 76 0.3832 0.0923 0.0000
 77 0.3912 0.0870 0.0000
 78 0.3991 0.0815 0.0000
 79 0.4068 0.0758 0.0000
 80 0.4144 0.0697 0.0112
 81 0.4217 0.0634 0.0294
 82 0.4289 0.0569 0.0474
 83 0.4358 0.0500 0.0626
 84 0.4426 0.0428 0.0756
 85 0.4491 0.0355 0.0879
 86 0.4553 0.0286 0.1000
 87 0.4612 0.0224 0.1121
 88 0.4668 0.0169 0.1243
 89 0.4721 0.0122 0.1365
 90 0.4771 0.0083 0.1487
 91 0.4817 0.0053 0.1611
 92 0.4860 0.0033 0.1735
 93 0.4899 0.0023 0.1861
 94 0.4935 0.0024 0.1988
 95 0.4967 0.0037 0.2115
 96 0.4995 0.0061 0.2244
 97 0.5019 0.0097 0.2373
 98 0.5040 0.0146 0.2503
 99 0.5056 0.0209 0.2634
100 0.5069 0.0285 0.2766
101 0.5077 0.0375 0.2897
102 0.5081 0.0474 0.3030
103 0.5081 0.0573 0.3162
104 0.5077 0.0672 0.3295
105 0.5068 0.0770 0.3427
106 0.5055 0.0867 0.3559
107 0.5038 0.0964 0.3691
108 0.5016 0.1060 0.3823
109 0.4989 0.1155 0.3953
110 0.4958 0.1250 0.4083
111 0.4922 0.1344 0.4212
112 0.4882 0.1437 0.4339
113 0.4836 0.1529 0.4466
114 0.4786 0.1621 0.4590
115 0.4731 0.1712 0.4713
116 0.4672 0.1802 0.4834
117 0.4607 0.1891 0.4954
118 0.4538 0.1980 0.5071
119 0.4463 0.2067 0.5185
120 0.4383 0.2154 0.5298
121 0.4298 0.2239 0.5407
122 0.4208 0.2324 0.5514
123 0.4112 0.2408 0.5619
124 0.4010 0.2491 0.5720
125 0.3903 0.2572 0.5817
126 0.3789 0.2653 0.5912
127 0.3669 0.2733 0.6003
128 0.3543 0.2811 0.6091
129 0.3409 0.2889 0.6175
130 0.3268 0.2966 0.6255
131 0.3118 0.3041 0.6332
132 0.2959 0.3115 0.6404
133 0.2789 0.3189 0.6473
134 0.2607 0.3261 0.6537
135 0.2411 0.3332 0.6597
136 0.2196 0.3402 0.6653
137 0.1959 0.3471 0.6705
138 0.1689 0.3538 0.6752
139 0.1370 0.3605 0.6795
140 0.0962 0.3671 0.6834
141 0.0298 0.3735 0.6868
142 0.0000 0.3798 0.6897
143 0.0000 0.3861 0.6922
144 0.0000 0.3922 0.6943
145 0.0000 0.3982 0.6959
146 0.0000 0.4041 0.6971
147 0.0000 0.4099 0.6978
148 0.0000 0.4156 0.6980
149 0.0000 0.4212 0.6978
150 0.0000 0.4267 0.6972
151 0.0000 0.4321 0.6961
152 0.0000 0.4373 0.6946
153 0.0000 0.4425 0.6927
154 0.0000 0.4476 0.6903
155 0.0000 0.4527 0.6876
156 0.0000 0.4576 0.6844
157 0.0000 0.4624 0.6809
158 0.0000 0.4671 0.6769
159 0.0000 0.4718 0.6726
160 0.0000 0.4763 0.6679
161 0.0000 0.4808 0.6628
162 0.0000 0.4852 0.6574
163 0.0000 0.4895 0.6516
164 0.0000 0.4937 0.6456
165 0.0000 0.4979 0.6392
166 0.0000 0.5020 0.6325
167 0.0000 0.5060 0.6255
168 0.0000 0.5099 0.6182
169 0.0000 0.5137 0.6107
170 0.0000 0.5175 0.6029
171 0.0000 0.5212 0.5949
172 0.0000 0.5248 0.5867
173 0.0000 0.5283 0.5783
174 0.0000 0.5318 0.5696
175 0.0000 0.5352 0.5608
176 0.0000 0.5386 0.5518
177 0.0000 0.5418 0.5427
178 0.0000 0.5450 0.5335
179 0.0000 0.5481 0.5241
180 0.0000 0.5512 0.5146
181 0.0000 0.5542 0.5050
182 0.0000 0.5571 0.4953
183 0.0000 0.5599 0.4856
184 0.0000 0.5626 0.4758
185 0.0000 0.5653 0.4660
186 0.0000 0.5679 0.4562
187 0.0000 0.5705 0.4464
188 0.0000 0.5729 0.4365
189 0.0000 0.5753 0.4267
190 0.0000 0.5776 0.4170
191 0.0000 0.5798 0.4073
192 0.0000 0.5819 0.3976
193 0.0000 0.5840 0.3880
194 0.0000 0.5859 0.3785
195 0.0000 0.5878 0.3691
196 0.0577 0.5896 0.3599
197 0.1124 0.5913 0.3507
198 0.1507 0.5929 0.3418
199 0.1823 0.5945 0.3329
200 0.2099 0.5959 0.3243
201 0.2350 0.5972 0.3158
202 0.2583 0.5984 0.3076
203 0.2803 0.5996 0.2996
204 0.3011 0.6006 0.2919
205 0.3212 0.6015 0.2844
206 0.3406 0.6024 0.2772
207 0.3594 0.6031 0.2703
208 0.3778 0.6037 0.2637
209 0.3958 0.6042 0.2575
210 0.4134 0.6046 0.2517
211 0.4307 0.6049 0.2463
212 0.4478 0.6051 0.2413
213 0.4646 0.6052 0.2367
214 0.4812 0.6052 0.2327
215 0.4976 0.6051 0.2291
216 0.5138 0.6048 0.2261
217 0.5299 0.6045 0.2237
218 0.5458 0.6040 0.2218
219 0.5616 0.6034 0.2205
220 0.5772 0.6028 0.2199
221 0.5927 0.6020 0.2198
222 0.6080 0.6011 0.2204
223 0.6232 0.6002 0.2216
224 0.6382 0.5991 0.2235
225 0.6531 0.5979 0.2260
226 0.6679 0.5967 0.2291
227 0.6825 0.5953 0.2328
228 0.6969 0.5939 0.2371
229 0.7112 0.5924 0.2420
230 0.7253 0.5908 0.2474
231 0.7392 0.5892 0.2534
232 0.7529 0.5875 0.2600
233 0.7665 0.5857 0.2670
234 0.7798 0.5839 0.2745
235 0.7930 0.5820 0.2825
236 0.8059 0.5802 0.2909
237 0.8186 0.5782 0.2997
238 0.8311 0.5763 0.3090
239 0.8433 0.5744 0.3186
240 0.8553 0.5725 0.3287
241 0.8670 0.5706 0.3391
242 0.8785 0.5687 0.3498
243 0.8896 0.5668 0.3609
244 0.9005 0.5650 0.3724
245 0.9111 0.5633 0.3841
246 0.9213 0.5616 0.3961
247 0.9313 0.5601 0.4085
248 0.9409 0.5586 0.4211
249 0.9502 0.5573 0.4340
250 0.9591 0.5560 0.4472
251 0.9677 0.5549 0.4606
252 0.9759 0.5540 0.4743
253 0.9838 0.5532 0.4882
254 0.9912 0.5526 0.5023
255 0.9983 0.5523 0.5167
