# gbpCode colour map
#    type      = linear
#    hue       = 180 degrees
#    radius    = -01 degrees
#    chroma    = 050
#    luminance = 000 to 070
  0 0.0000 0.1128 0.0000
  1 0.0000 0.1143 0.0000
  2 0.0000 0.1157 0.0000
  3 0.0000 0.1170 0.0000
  4 0.0000 0.1182 0.0000
  5 0.0000 0.1193 0.0000
  6 0.0000 0.1202 0.0000
  7 0.0000 0.1212 0.0000
  8 0.0000 0.1220 0.0000
  9 0.0000 0.1227 0.0000
 10 0.0000 0.1233 0.0000
 11 0.0000 0.1239 0.0000
 12 0.0000 0.1244 0.0000
 13 0.0000 0.1248 0.0000
 14 0.0000 0.1251 0.0000
 15 0.0000 0.1253 0.0000
 16 0.0000 0.1255 0.0000
 17 0.0000 0.1256 0.0000
 18 0.0000 0.1257 0.0000
 19 0.0000 0.1257 0.0000
 20 0.0000 0.1256 0.0000
 21 0.0000 0.1254 0.0000
 22 0.0000 0.1252 0.0000
 23 0.0000 0.1250 0.0000
 24 0.0000 0.1247 0.0000
 25 0.0000 0.1243 0.0000
 26 0.0000 0.1239 0.0000
 27 0.0000 0.1235 0.0000
 28 0.0000 0.1230 0.0000
 29 0.0218 0.1224 0.0000
 30 0.0448 0.1219 0.0000
 31 0.0636 0.1214 0.0000
 32 0.0789 0.1209 0.0000
 33 0.0921 0.1205 0.0000
 34 0.1037 0.1202 0.0000
 35 0.1141 0.1198 0.0000
 36 0.1236 0.1196 0.0000
 37 0.1324 0.1194 0.0000
 38 0.1408 0.1192 0.0000
 39 0.1492 0.1189 0.0000
 40 0.1576 0.1183 0.0000
 41 0.1661 0.1176 0.0000
 42 0.1746 0.1167 0.0000
 43 0.1832 0.1156 0.0000
 44 0.1917 0.1144 0.0000
 45 0.2003 0.1129 0.0000
 46 0.2089 0.1112 0.0000
 47 0.2175 0.1092 0.0000
 48 0.2261 0.1071 0.0000
 49 0.2347 0.1047 0.0000
 50 0.2433 0.1021 0.0000
 51 0.2519 0.0992 0.0000
 52 0.2604 0.0960 0.0000
 53 0.2688 0.0925 0.0000
 54 0.2773 0.0888 0.0000
 55 0.2856 0.0847 0.0000
 56 0.2939 0.0803 0.0000
 57 0.3021 0.0755 0.0000
 58 0.3102 0.0703 0.0000
 59 0.3182 0.0646 0.0000
 60 0.3261 0.0584 0.0000
 61 0.3338 0.0516 0.0000
 62 0.3415 0.0441 0.0000
 63 0.3490 0.0358 0.0000
 64 0.3564 0.0273 0.0000
 65 0.3636 0.0189 0.0000
 66 0.3706 0.0105 0.0000
 67 0.3775 0.0024 0.0000
 68 0.3843 0.0000 0.0000
 69 0.3908 0.0000 0.0169
 70 0.3971 0.0000 0.0362
 71 0.4033 0.0000 0.0542
 72 0.4092 0.0000 0.0690
 73 0.4149 0.0000 0.0818
 74 0.4204 0.0000 0.0936
 75 0.4256 0.0000 0.1053
 76 0.4305 0.0000 0.1171
 77 0.4350 0.0000 0.1290
 78 0.4392 0.0000 0.1410
 79 0.4431 0.0000 0.1531
 80 0.4466 0.0000 0.1653
 81 0.4498 0.0000 0.1776
 82 0.4526 0.0000 0.1900
 83 0.4550 0.0000 0.2025
 84 0.4570 0.0000 0.2151
 85 0.4587 0.0000 0.2277
 86 0.4599 0.0000 0.2405
 87 0.4608 0.0000 0.2533
 88 0.4612 0.0000 0.2661
 89 0.4612 0.0000 0.2789
 90 0.4608 0.0000 0.2918
 91 0.4600 0.0001 0.3047
 92 0.4587 0.0133 0.3176
 93 0.4570 0.0278 0.3304
 94 0.4549 0.0435 0.3432
 95 0.4523 0.0580 0.3559
 96 0.4492 0.0713 0.3685
 97 0.4457 0.0836 0.3811
 98 0.4417 0.0952 0.3935
 99 0.4373 0.1063 0.4058
100 0.4324 0.1170 0.4180
101 0.4269 0.1273 0.4300
102 0.4210 0.1374 0.4418
103 0.4146 0.1471 0.4534
104 0.4077 0.1567 0.4648
105 0.4002 0.1660 0.4760
106 0.3923 0.1751 0.4870
107 0.3838 0.1841 0.4977
108 0.3747 0.1929 0.5081
109 0.3650 0.2015 0.5183
110 0.3548 0.2099 0.5281
111 0.3439 0.2182 0.5376
112 0.3324 0.2264 0.5469
113 0.3201 0.2344 0.5557
114 0.3071 0.2423 0.5643
115 0.2933 0.2500 0.5725
116 0.2785 0.2576 0.5803
117 0.2627 0.2651 0.5877
118 0.2457 0.2725 0.5947
119 0.2273 0.2797 0.6014
120 0.2072 0.2868 0.6076
121 0.1848 0.2937 0.6135
122 0.1594 0.3006 0.6189
123 0.1293 0.3073 0.6239
124 0.0907 0.3139 0.6284
125 0.0288 0.3203 0.6326
126 0.0000 0.3267 0.6363
127 0.0000 0.3329 0.6395
128 0.0000 0.3391 0.6423
129 0.0000 0.3451 0.6447
130 0.0000 0.3510 0.6466
131 0.0000 0.3568 0.6481
132 0.0000 0.3625 0.6491
133 0.0000 0.3680 0.6497
134 0.0000 0.3735 0.6499
135 0.0000 0.3789 0.6496
136 0.0000 0.3841 0.6489
137 0.0000 0.3893 0.6477
138 0.0000 0.3944 0.6461
139 0.0000 0.3993 0.6442
140 0.0000 0.4042 0.6418
141 0.0000 0.4090 0.6389
142 0.0000 0.4137 0.6357
143 0.0000 0.4183 0.6321
144 0.0000 0.4228 0.6282
145 0.0000 0.4273 0.6238
146 0.0000 0.4316 0.6191
147 0.0000 0.4359 0.6140
148 0.0000 0.4401 0.6086
149 0.0000 0.4442 0.6029
150 0.0000 0.4483 0.5968
151 0.0000 0.4522 0.5905
152 0.0000 0.4561 0.5838
153 0.0000 0.4599 0.5768
154 0.0000 0.4637 0.5696
155 0.0000 0.4674 0.5622
156 0.0000 0.4710 0.5545
157 0.0000 0.4745 0.5465
158 0.0000 0.4780 0.5384
159 0.0000 0.4814 0.5300
160 0.0000 0.4847 0.5214
161 0.0000 0.4880 0.5127
162 0.0000 0.4912 0.5038
163 0.0000 0.4943 0.4948
164 0.0000 0.4974 0.4857
165 0.0000 0.5004 0.4764
166 0.0000 0.5033 0.4670
167 0.0000 0.5062 0.4575
168 0.0000 0.5090 0.4480
169 0.0000 0.5118 0.4384
170 0.0000 0.5144 0.4287
171 0.0000 0.5170 0.4190
172 0.0000 0.5196 0.4093
173 0.0000 0.5220 0.3996
174 0.0000 0.5244 0.3899
175 0.0000 0.5267 0.3802
176 0.0000 0.5290 0.3705
177 0.0000 0.5311 0.3609
178 0.0000 0.5332 0.3513
179 0.0000 0.5352 0.3418
180 0.0000 0.5371 0.3323
181 0.0000 0.5390 0.3230
182 0.0000 0.5407 0.3138
183 0.0030 0.5424 0.3047
184 0.0764 0.5440 0.2957
185 0.1208 0.5455 0.2868
186 0.1547 0.5469 0.2782
187 0.1834 0.5482 0.2697
188 0.2089 0.5494 0.2613
189 0.2323 0.5505 0.2532
190 0.2542 0.5515 0.2454
191 0.2749 0.5524 0.2377
192 0.2947 0.5533 0.2304
193 0.3138 0.5540 0.2233
194 0.3323 0.5546 0.2165
195 0.3503 0.5551 0.2101
196 0.3678 0.5555 0.2040
197 0.3850 0.5558 0.1984
198 0.4019 0.5560 0.1931
199 0.4185 0.5561 0.1883
200 0.4349 0.5560 0.1840
201 0.4510 0.5559 0.1803
202 0.4670 0.5556 0.1770
203 0.4828 0.5553 0.1744
204 0.4984 0.5548 0.1724
205 0.5138 0.5542 0.1710
206 0.5291 0.5536 0.1703
207 0.5443 0.5528 0.1703
208 0.5592 0.5519 0.1709
209 0.5741 0.5509 0.1723
210 0.5888 0.5498 0.1743
211 0.6033 0.5486 0.1769
212 0.6178 0.5473 0.1803
213 0.6320 0.5459 0.1843
214 0.6461 0.5444 0.1889
215 0.6600 0.5429 0.1941
216 0.6738 0.5413 0.1998
217 0.6874 0.5396 0.2061
218 0.7008 0.5378 0.2129
219 0.7141 0.5360 0.2202
220 0.7271 0.5341 0.2280
221 0.7399 0.5322 0.2362
222 0.7526 0.5302 0.2448
223 0.7650 0.5282 0.2539
224 0.7771 0.5262 0.2633
225 0.7891 0.5242 0.2731
226 0.8008 0.5222 0.2832
227 0.8122 0.5201 0.2937
228 0.8234 0.5181 0.3045
229 0.8343 0.5162 0.3156
230 0.8450 0.5143 0.3270
231 0.8553 0.5124 0.3387
232 0.8653 0.5106 0.3507
233 0.8751 0.5089 0.3629
234 0.8845 0.5073 0.3755
235 0.8935 0.5059 0.3883
236 0.9023 0.5045 0.4013
237 0.9107 0.5033 0.4146
238 0.9187 0.5022 0.4281
239 0.9263 0.5013 0.4418
240 0.9336 0.5006 0.4557
241 0.9405 0.5001 0.4699
242 0.9470 0.4998 0.4842
243 0.9531 0.4997 0.4987
244 0.9588 0.4999 0.5134
245 0.9641 0.5003 0.5283
246 0.9690 0.5009 0.5433
247 0.9734 0.5019 0.5584
248 0.9774 0.5031 0.5737
249 0.9809 0.5045 0.5891
250 0.9840 0.5063 0.6046
251 0.9866 0.5084 0.6201
252 0.9888 0.5107 0.6358
253 0.9905 0.5134 0.6515
254 0.9917 0.5163 0.6673
255 0.9924 0.5196 0.6830
