# gbpCode colour map
#    type      = linear
#    hue       = 240 degrees
#    radius    = 001 degrees
#    chroma    = 050
#    luminance = 000 to 071
  0 0.0000 0.0807 0.2508
  1 0.0000 0.0815 0.2566
  2 0.0000 0.0822 0.2623
  3 0.0000 0.0829 0.2679
  4 0.0000 0.0836 0.2734
  5 0.0000 0.0842 0.2787
  6 0.0000 0.0848 0.2839
  7 0.0000 0.0854 0.2889
  8 0.0000 0.0860 0.2939
  9 0.0000 0.0865 0.2986
 10 0.0000 0.0870 0.3033
 11 0.0000 0.0875 0.3077
 12 0.0000 0.0880 0.3120
 13 0.0000 0.0884 0.3162
 14 0.0000 0.0888 0.3202
 15 0.0000 0.0892 0.3240
 16 0.0000 0.0896 0.3277
 17 0.0000 0.0900 0.3312
 18 0.0000 0.0903 0.3346
 19 0.0000 0.0907 0.3378
 20 0.0000 0.0910 0.3408
 21 0.0000 0.0913 0.3436
 22 0.0000 0.0916 0.3463
 23 0.0000 0.0918 0.3488
 24 0.0000 0.0921 0.3512
 25 0.0000 0.0923 0.3533
 26 0.0000 0.0924 0.3553
 27 0.0000 0.0923 0.3572
 28 0.0000 0.0920 0.3588
 29 0.0000 0.0915 0.3603
 30 0.0000 0.0909 0.3616
 31 0.0000 0.0901 0.3628
 32 0.0000 0.0892 0.3638
 33 0.0000 0.0882 0.3646
 34 0.0000 0.0870 0.3652
 35 0.0000 0.0858 0.3657
 36 0.0000 0.0843 0.3660
 37 0.0000 0.0828 0.3661
 38 0.0084 0.0810 0.3661
 39 0.0411 0.0792 0.3660
 40 0.0686 0.0771 0.3656
 41 0.0903 0.0749 0.3651
 42 0.1088 0.0726 0.3645
 43 0.1253 0.0700 0.3637
 44 0.1404 0.0673 0.3627
 45 0.1545 0.0644 0.3616
 46 0.1677 0.0613 0.3604
 47 0.1803 0.0579 0.3590
 48 0.1922 0.0543 0.3574
 49 0.2037 0.0504 0.3557
 50 0.2148 0.0463 0.3539
 51 0.2255 0.0418 0.3520
 52 0.2359 0.0369 0.3499
 53 0.2460 0.0320 0.3477
 54 0.2557 0.0270 0.3454
 55 0.2652 0.0220 0.3429
 56 0.2745 0.0170 0.3404
 57 0.2835 0.0120 0.3377
 58 0.2923 0.0071 0.3349
 59 0.3009 0.0021 0.3320
 60 0.3093 0.0000 0.3290
 61 0.3175 0.0000 0.3259
 62 0.3255 0.0000 0.3227
 63 0.3333 0.0000 0.3194
 64 0.3409 0.0000 0.3160
 65 0.3484 0.0000 0.3126
 66 0.3557 0.0000 0.3090
 67 0.3627 0.0000 0.3054
 68 0.3697 0.0000 0.3017
 69 0.3764 0.0000 0.2979
 70 0.3830 0.0000 0.2941
 71 0.3894 0.0000 0.2902
 72 0.3957 0.0000 0.2862
 73 0.4018 0.0000 0.2822
 74 0.4077 0.0000 0.2781
 75 0.4135 0.0000 0.2740
 76 0.4191 0.0000 0.2698
 77 0.4245 0.0000 0.2656
 78 0.4298 0.0000 0.2613
 79 0.4350 0.0000 0.2571
 80 0.4399 0.0000 0.2527
 81 0.4447 0.0000 0.2484
 82 0.4494 0.0000 0.2440
 83 0.4539 0.0000 0.2396
 84 0.4582 0.0000 0.2352
 85 0.4624 0.0000 0.2307
 86 0.4664 0.0000 0.2262
 87 0.4703 0.0000 0.2218
 88 0.4740 0.0000 0.2173
 89 0.4776 0.0000 0.2128
 90 0.4810 0.0000 0.2083
 91 0.4843 0.0000 0.2037
 92 0.4874 0.0000 0.1992
 93 0.4903 0.0000 0.1947
 94 0.4931 0.0066 0.1902
 95 0.4958 0.0157 0.1856
 96 0.4983 0.0256 0.1811
 97 0.5006 0.0361 0.1766
 98 0.5028 0.0469 0.1720
 99 0.5049 0.0569 0.1675
100 0.5068 0.0663 0.1630
101 0.5086 0.0752 0.1584
102 0.5102 0.0838 0.1539
103 0.5117 0.0921 0.1494
104 0.5130 0.1001 0.1448
105 0.5142 0.1080 0.1403
106 0.5152 0.1156 0.1358
107 0.5161 0.1232 0.1312
108 0.5169 0.1306 0.1266
109 0.5176 0.1378 0.1221
110 0.5180 0.1450 0.1175
111 0.5184 0.1521 0.1129
112 0.5186 0.1591 0.1082
113 0.5187 0.1660 0.1036
114 0.5187 0.1728 0.0988
115 0.5185 0.1796 0.0941
116 0.5182 0.1863 0.0893
117 0.5178 0.1929 0.0844
118 0.5172 0.1995 0.0795
119 0.5165 0.2061 0.0745
120 0.5157 0.2125 0.0694
121 0.5148 0.2190 0.0642
122 0.5137 0.2253 0.0589
123 0.5125 0.2317 0.0534
124 0.5112 0.2380 0.0477
125 0.5098 0.2442 0.0418
126 0.5083 0.2504 0.0357
127 0.5066 0.2565 0.0298
128 0.5049 0.2626 0.0242
129 0.5030 0.2687 0.0188
130 0.5010 0.2747 0.0137
131 0.4989 0.2807 0.0088
132 0.4967 0.2866 0.0042
133 0.4943 0.2925 0.0000
134 0.4919 0.2984 0.0000
135 0.4894 0.3042 0.0000
136 0.4867 0.3099 0.0000
137 0.4840 0.3157 0.0000
138 0.4811 0.3214 0.0000
139 0.4781 0.3270 0.0000
140 0.4751 0.3326 0.0000
141 0.4719 0.3382 0.0000
142 0.4686 0.3437 0.0000
143 0.4653 0.3492 0.0000
144 0.4618 0.3547 0.0000
145 0.4582 0.3601 0.0000
146 0.4546 0.3655 0.0000
147 0.4508 0.3708 0.0000
148 0.4469 0.3761 0.0000
149 0.4430 0.3814 0.0000
150 0.4389 0.3866 0.0000
151 0.4347 0.3918 0.0000
152 0.4305 0.3970 0.0000
153 0.4261 0.4021 0.0000
154 0.4217 0.4072 0.0000
155 0.4171 0.4123 0.0000
156 0.4125 0.4173 0.0000
157 0.4077 0.4223 0.0019
158 0.4028 0.4272 0.0087
159 0.3979 0.4321 0.0163
160 0.3928 0.4370 0.0247
161 0.3876 0.4418 0.0341
162 0.3823 0.4466 0.0443
163 0.3769 0.4514 0.0541
164 0.3714 0.4561 0.0637
165 0.3658 0.4608 0.0730
166 0.3600 0.4655 0.0821
167 0.3541 0.4701 0.0911
168 0.3481 0.4747 0.1001
169 0.3419 0.4793 0.1090
170 0.3356 0.4838 0.1179
171 0.3291 0.4883 0.1268
172 0.3225 0.4928 0.1358
173 0.3157 0.4972 0.1447
174 0.3087 0.5016 0.1537
175 0.3015 0.5060 0.1628
176 0.2942 0.5103 0.1719
177 0.2866 0.5146 0.1810
178 0.2787 0.5189 0.1903
179 0.2706 0.5231 0.1996
180 0.2622 0.5274 0.2089
181 0.2536 0.5315 0.2184
182 0.2445 0.5357 0.2279
183 0.2351 0.5398 0.2375
184 0.2253 0.5439 0.2472
185 0.2150 0.5480 0.2570
186 0.2041 0.5520 0.2668
187 0.1925 0.5560 0.2768
188 0.1802 0.5600 0.2868
189 0.1670 0.5639 0.2969
190 0.1526 0.5678 0.3071
191 0.1368 0.5717 0.3173
192 0.1189 0.5755 0.3277
193 0.0981 0.5793 0.3381
194 0.0724 0.5831 0.3486
195 0.0363 0.5869 0.3592
196 0.0000 0.5906 0.3698
197 0.0000 0.5943 0.3805
198 0.0000 0.5979 0.3913
199 0.0000 0.6016 0.4022
200 0.0000 0.6052 0.4131
201 0.0000 0.6087 0.4241
202 0.0000 0.6123 0.4351
203 0.0000 0.6158 0.4462
204 0.0000 0.6193 0.4574
205 0.0000 0.6227 0.4686
206 0.0000 0.6261 0.4798
207 0.0000 0.6295 0.4911
208 0.0000 0.6328 0.5024
209 0.0000 0.6362 0.5137
210 0.0000 0.6394 0.5251
211 0.0000 0.6427 0.5365
212 0.0000 0.6459 0.5479
213 0.0000 0.6491 0.5594
214 0.0000 0.6522 0.5708
215 0.0000 0.6553 0.5823
216 0.0000 0.6584 0.5937
217 0.0000 0.6614 0.6052
218 0.0000 0.6644 0.6166
219 0.0000 0.6674 0.6281
220 0.0000 0.6703 0.6395
221 0.0000 0.6732 0.6509
222 0.0000 0.6760 0.6623
223 0.0000 0.6788 0.6737
224 0.0000 0.6816 0.6850
225 0.0000 0.6843 0.6963
226 0.0000 0.6870 0.7075
227 0.0000 0.6897 0.7187
228 0.0000 0.6923 0.7298
229 0.0000 0.6948 0.7409
230 0.0000 0.6973 0.7519
231 0.0000 0.6998 0.7628
232 0.0000 0.7022 0.7736
233 0.0000 0.7046 0.7844
234 0.0000 0.7070 0.7951
235 0.0000 0.7093 0.8057
236 0.0000 0.7115 0.8162
237 0.0000 0.7137 0.8266
238 0.0000 0.7159 0.8369
239 0.0000 0.7180 0.8471
240 0.0000 0.7200 0.8572
241 0.0000 0.7220 0.8672
242 0.0000 0.7240 0.8770
243 0.0000 0.7259 0.8867
244 0.0000 0.7277 0.8963
245 0.0000 0.7295 0.9057
246 0.0000 0.7313 0.9150
247 0.0000 0.7330 0.9242
248 0.0000 0.7346 0.9332
249 0.0000 0.7362 0.9420
250 0.0000 0.7378 0.9507
251 0.0000 0.7393 0.9593
252 0.0000 0.7407 0.9676
253 0.0000 0.7421 0.9758
254 0.0000 0.7434 0.9839
255 0.0000 0.7447 0.9917
